39033657
39049383
39091569
39055197
39066247
39073273
39066639
39031655
39071029
39039171
39089109
39064620
39077708
39093668
39063784
39099936
39092720
39342769
39070156
39068003
39095887
39090556
39057413
39078846
39085148
39048854
39064900
39106339
39051659
39047284
39073338
39062008
39073896
39045802
39075224
39077223
39072621
39066901
39058791
39066408
39049695
39118876
39082985
39081529
39078763
39091388
39041858
39062020
39047142
39103783
39058877
39045605
39051788
39070649
39059104
39033857
39051498
39077717
39060720
39055582
39066372
39054933
39064762
39065759
39099967
39061485
39081540
39054207
39073237
39072368
39054960
39062049
39062862
39041277
39054766
39032588
39038114
39058494
39061517
39075883
39055709
39065205
39088972
39073524
39067280
39095053
39106339
39065314
39076155
39064864
39170596
39099286
39091252
39039677
39066037
39073355
39048271
39046269
39113723
39063609
39072158
39090218
39095103
39045559
39043958
39059110
39078989
39076765
39044062
39049151
39071126
39067644
39041243
39038381
39053485
39072201
39068737
39055858
39091797
39062018
39061606
39049386
39038417
39032075
39043588
39028653
39062137
39070695
39072744
39093003
39064386
39061511
39085354
39067409
39081515
39085334
39094239
39045426
39032485
39033540
39077289
39035375
39042098
39082785
39073010
39053468
39052686
39038225
39029866
39049870
39061854
39087110
39060080
39052764
39092822
39042887
39089312
39078865
39061888
39055367
39049986
39050537
39080270
39069404
39057327
39081392
39047393
39043239
39056727
39090885
39080954
39046962
39039410
39071943
39040407
39058395
39072260
39040059
39053702
39060408
39063412
39044790
39033803
39040414
39058877
39031063
39088551
39045628
39085802
39078215
39042841
39043501
39049782
39051171
39069592
39044289
39038240
39000517
39071567
39085346
39055227
39066966
39045833
39069559
39039589
39073087
39042235
39079813
39081578
39053411
39092663
39082519
39077170
39047737
39094339
39051177
39035768
39050557
39053028
39055002
39054079
39040813
39089740
39104619
39342771
39088622
39089882
39065000
39052474
39107659
39101943
39125465
39105089
39104606
39136092
39121122
39084489
39111520
39108888
39123097
39097155
39146763
39081993
39096735
39161242
39133520
39100689
39120904
39128304
39145238
39132510
39099129
39152775
39115136
39122119
39146942
39116933
39130690
39088277
39127802
39135733
39084240
39096365
39122160
39115211
39148820
39108146
39130802
39100619
39095151
39118591
39113644
39125621
39139340
39133393
39114348
39114988
39118545
39111257
39122175
39125841
39131910
39165025
39112151
39144450
39106997
39140626
39105718
39118905
39085640
39118338
39136507
39116328
39108788
39134248
39151991
39096269
39109777
39074283
39139848
39115857
39102350
39117520
39125020
39118802
39107149
39155656
39174534
39125204
39122759
39085693
39098117
39144609
39124409
39117256
39168992
39110923
39142730
39093044
39108923
39149413
39115328
39114005
39142629
39145818
39110345
39177806
39131949
39197978
39116827
39112177
39127835
39121948
39150856
39107583
39121754
39124877
39128317
39139958
39104250
39140198
39091033
39131107
39112705
39108569
39112909
39094765
39124566
39130004
39079852
39094417
39111256
39100541
39100678
39122032
39146341
39152574
39132834
39163978
39136531
39104076
39152622
39104837
39109091
39064347
39133482
39157755
39144341
39128432
39123343
39129547
39128729
39157594
39095572
39088036
39153408
39099091
39167309
39154272
39104807
39105871
39125246
39135637
39101298
39109853
39098224
39109651
39100085
39169302
39121052
39135280
39115879
39102291
39099491
39162406
39114656
39116731
39147649
39104623
39137101
39130428
39170469
39127297
39138970
39123612
39107605
39115789
39117503
39124109
39114462
39136747
39118443
39107921
39076730
39111341
39094525
39154231
39143921
39110125
39162302
39121042
39087680
39146773
39172839
39124783
39117405
39120265
39136293
39124189
39121242
39135459
39128560
39179469
39114710
39143678
39116928
39073253
39091120
39140693
39139910
39141728
39167869
39157235
39174451
39142692
39129108
39129602
39100383
39117601
39178195
39113578
39143037
39105152
39139456
39123524
39329901
39152431
39168718
39125461
39124359
39111647
39118801
39154798
39125975
39127885
39105671
39142808
39135360
39143403
39129746
39129354
39134153
39182124
39108331
39114994
39108186
39102614
39133244
39106512
39129726
39159668
39133662
39105099
39158492
39174808
39114444
39123694
39117047
39111752
39139846
39200280
39122048
39116070
39180891
39149136
39153529
39132653
39128209
39101713
39145883
39163741
39190910
39161124
39185041
39094206
39131798
39156020
39129893
39177879
39142380
39155610
39124890
39143558
39090157
39137895
39137075
39123313
39159051
39132710
39176900
39150975
39123560
39226766
39150887
39131683
39089056
39076358
39128492
39166293
39148770
39142310
39173631
39091727
39118242
39129376
39146950
39133489
39124690
39088402
39091932
39153704
39114464
39138606
39124393
39110713
39117159
39127397
39134608
39168081
39115558
39131669
39143692
39108262
39097754
39150971
39126954
39125714
39117547
39166309
39158174
39164866
39108967
39143118
39151193
39149426
39186490
39138663
39136243
39138519
39118167
39131640
39084408
39116016
39141365
39130790
39090204
39124826
39108125
39124344
39078543
39134653
39127081
39121298
39161853
39088841
39091234
39090495
39119591
39135814
39158704
39164493
39122370
39095065
39120145
39119316
39133809
39101191
39136600
39160429
39114092
39082611
39116555
39119267
39098024
39111892
39149096
39100398
39111526
39094560
39115938
39110902
39134461
39048387
39051150
39051303
39092454
39115170
39060302
39087426
39070171
39055494
39056211
39040151
39050767
39050391
39063374
39047986
39092791
39088982
39091250
39062294
39106143
39071133
39102595
39090726
39041081
39036606
39063117
39064245
39061747
39055946
39076409
39052081
39067973
39094543
39053553
39082196
39026937
39063158
39051394
39040145
39077799
39062139
39070705
39050791
39047594
39055607
39059305
39046795
39075195
39097520
39045241
39090221
39067434
39049305
39040152
39097216
39077247
39081270
39064350
39117778
39101002
39103663
39093022
39056269
39082571
39091985
39071726
39071215
39055124
39093430
39097898
39074928
39084434
39102182
39081136
39085667
39097402
39089703
39110975
39072909
39091469
39061530
39101026
39111664
39052090
39102157
39090854
39113814
39132327
39032558
39084282
39076999
39068372
39071653
39096829
39089933
39100639
39082880
39047460
39069476
39080643
39110084
39064285
39094446
39064874
39061152
39058779
39079763
39086368
39047352
39097466
39057023
39103968
39063819
39077419
39066357
39059451
39068331
39080076
39100558
39086828
39052326
39077394
39099182
39088662
39094727
39064061
39075116
39049184
39050622
39116664
39087266
39089248
39094781
39064838
39051433
39091387
39094437
39106768
39130054
39109460
39083584
39097376
39102426
39050121
39103079
39104152
39112612
39057630
39086826
39079421
39069675
39113105
39085112
39092335
39068142
39113224
39065404
39114050
39097818
39087457
39282943
39096297
39079838
39072458
39091990
39080061
39082606
39058404
39115117
39054344
39053545
39073767
39081654
39089408
39094857
39067226
39096678
39082112
39075661
39057536
39072782
39043605
39056950
39096813
39032914
39045762
39093867
39057113
39083047
39089184
39043983
39056669
39060965
39102881
39064103
39065046
39038343
39061087
39086570
39046353
39066716
39046250
39052288
39097394
39063590
39093686
39070110
39038085
39069009
39366637
39052547
39092829
39080794
39099287
39070804
39065784
39096435
39121357
39076024
39101939
39067227
39076152
39051192
39060267
39079492
39102381
39079966
39081648
39090987
39086218
39063588
39067409
39092967
39091291
39100929
39101967
39102362
39116130
39048893
39093150
39099085
39035006
39061336
39082416
39077387
39099803
39056957
39070491
39078467
39059079
39088285
39056246
39044092
39055835
39064280
39111273
39114555
39052027
39110561
39054820
39071165
39043702
39053712
39101720
39072367
39055088
39089356
39057697
39054820
39084005
39113124
39064917
39066583
39099993
39102526
39087655
39064732
39056837
39041912
39130842
39039766
39091709
39077590
39091867
39053823
39054372
39057436
39048372
39065768
39053356
39043343
39100478
39058981
39068367
39063506
39059759
39056613
39079294
39046909
39054326
39059027
39076314
39048956
39064645
39043488
39048947
39038092
39044432
39062857
39023272
39042030
39044380
39054845
39078194
39058624
39080179
39055220
39042224
39038440
39060559
39089472
39057072
39063411
39070223
39058980
39065586
39058280
39065461
39059545
39042676
39053397
39049457
39067770
39029974
39050135
39054294
39084941
39076421
39052695
39086660
39357961
39058329
39063434
39070071
39057298
39062456
39048514
39061184
39050244
39068319
39061972
39060545
39055979
39070992
39055693
39032083
39042448
39060291
39052499
39043189
39054619
39038180
39065011
39049315
39048609
39035650
39030004
39060432
39141287
39046215
39055678
39064069
39060980
39067363
39060342
39049160
39066371
39066390
39045597
39039967
39089890
39068095
39050492
39061111
39093337
39068310
39081509
39111307
39071482
39044511
39055917
39065925
39083738
39040737
39057426
39081360
39067852
39056019
39054692
39046756
39043990
39122489
39046616
39047882
39055506
39055298
39074087
39086983
39114340
39062977
39060011
39025996
39097592
39071673
39088474
39087053
39079956
39076178
39050591
39106755
39048854
39046723
39092736
39060999
39054255
39074208
39064601
39094710
39044791
39043943
39069822
39043578
39049695
39076712
39085301
39068547
39063081
39064615
39069263
39068770
39072738
39103851
39039972
39060356
39053908
39044865
39039898
39073860
39057781
39120028
39064860
39052473
39070383
39129404
39056928
39042167
39054687
39053422
39055511
39075014
39054728
39111428
39099760
39059778
39037957
39105184
39077839
39042438
39051874
39064726
39115511
39098077
39103588
39063926
39053995
39038922
39067906
39059707
39054473
39073430
39082502
39056050
39059673
39058958
39071758
39107816
39093377
39080807
39051222
39078513
39119649
39065826
39097919
39075362
39065880
39051466
39101800
39083283
39064561
39131247
39046826
39110942
39043970
39059914
39069106
39078349
39038998
39050219
39052462
39053064
39086439
39098154
39076119
39050005
39040566
39057447
39063953
39066625
39045992
39088559
39095461
39093185
39058593
39052529
39068052
39085575
39056796
39103459
39108333
39083098
39015666
39099415
39096259
39058341
39106636
39053391
39042575
39044630
39056109
39043812
39072501
39074632
39069609
39051484
39079615
39057628
39065647
39041758
39074733
39083580
39065647
39064001
39099127
39082378
39056308
39061730
39066532
39051449
39065970
39052830
39090471
39087667
39077458
39054453
39104946
39120642
39077416
39066398
39089218
39056912
39092120
39093389
39054373
39096908
39053623
39059730
39052177
39052727
39075638
39082201
39101383
39089962
39060118
39074900
39090936
39065918
39094505
39025637
39092838
39087586
39096491
39087408
39050451
39045566
39092560
39095431
39078810
39040556
39043674
39078611
39048197
39128485
39093608
39067310
39092223
39087530
39056350
39101008
39060283
39070922
39079353
39083056
39099129
39086021
39064871
39057237
39102996
39088836
39076726
39058282
39087241
39067000
39041673
39057342
39052976
39087565
39090502
39093705
39046507
39067869
39078524
39057799
39075442
39029081
39087437
39092976
39037991
39047056
39073816
39072521
39082780
39062549
39110809
39050620
39068252
39061863
39053753
39066570
39067945
39074720
39056938
39056586
39066232
39030391
39080084
39067686
39067238
39073114
39093108
39085949
39079190
39106695
39073652
39085992
39056444
39056376
39070191
39094840
39086201
39074950
39085428
39108244
39094076
39038537
39071539
39090772
39053891
39083525
39103732
39089481
39080889
39076139
39076974
39105636
39088513
39082415
39091587
39100701
39071224
39122291
39099283
39095875
39087058
39039173
39091901
39071409
39082120
39084279
39050229
39062880
39064836
39092351
39048186
39058593
39055819
39086824
39108839
39041191
39081953
39042189
39091246
39083692
39051604
39074132
39053679
39059810
39042125
39040669
39071064
39081210
39050859
39070875
39062097
39076750
39102080
39043900
39077148
39087961
39110247
39060667
39098438
39053301
39083223
39086916
39102347
39052815
39059913
39092014
39061183
39086913
39073026
39115662
39050882
39059939
39051342
39086543
39043664
39080595
39069784
39116197
39083123
39062174
39199316
39100874
39047602
39074025
39082232
39101838
39095553
39041039
39107623
39091507
39089329
39075054
39081778
39062373
39068293
39124554
39113913
39104856
39105967
39137631
39126987
39105400
39120768
39106991
39119665
39144389
39138801
39124627
39101396
39130972
39139442
39127414
39105192
39112331
39094434
39162183
39105144
39095808
39094861
39110344
39118112
39103651
39140339
39118855
39101121
39102436
39095966
39084092
39080805
39100689
39143767
39114071
39122517
39114505
39101660
39136334
39082268
39085972
39119105
39135283
39085204
39113355
39104615
39110461
39108772
39101628
39148270
39102770
39131523
39128122
39142857
39109620
39113690
39108135
39129646
39139940
39141613
39148153
39137182
39105034
39113704
39107853
39138318
39122759
39100515
39130484
39080841
39154301
39164346
39148244
39101581
39116099
39132319
39127361
39114292
39116773
39090916
39138503
39132184
39111132
39159666
39098695
39131598
39110857
39111208
39129284
39113810
39145152
39134149
39145787
39086064
39100657
39153638
39104335
39151545
39123195
39101056
39106834
39120690
39132550
39108394
39086327
39121344
39120936
39155151
39155892
39132375
39124435
39128214
39142889
39121984
39114586
39166228
39139286
39121639
39155438
39120827
39123971
39097811
39138113
39089533
39139506
39104393
39113577
39152640
39120629
39124130
39150179
39118631
39133237
39127233
39162544
39143327
39133111
39124315
39129729
39126342
39159590
39094894
39091235
39110525
39112037
39087089
39145209
39107329
39172118
39130456
39080951
39149392
39163548
39131357
39155008
39123260
39126914
39141790
39166292
39101195
39142383
39110522
39099008
39084330
39128358
39097118
39126940
39136645
39144500
39137518
39095846
39095908
39087338
39133421
39103397
39143300
39129066
39137301
39099842
39170852
39100567
39075183
39140296
39145673
39145071
39121582
39089386
39131717
39103789
39123190
39141314
39109042
39530674
39095340
39141068
39122661
39114541
39099189
39117094
39127442
39132726
39141637
39135398
39145878
39131134
39135405
39143275
39142541
39140257
39114616
39124415
39097529
39114939
39118760
39094187
39147969
39095370
39149626
39102206
39147029
39143552
39134272
39124711
39133981
39112865
39113210
39096338
39126721
39132944
39115050
39122634
39103149
39127845
39137573
39114120
39120916
39130218
39119143
39114745
39097353
39056958
39135045
39159871
39124575
39123745
39113633
39129288
39121561
39111599
39140987
39104886
39083343
39127219
39055742
39093367
39090496
39092709
39118240
39152648
39117571
39110249
39139612
39118938
39125222
39144911
39133812
39092359
39133737
39126376
39140663
39118437
39130835
39128420
39126229
39100298
39107029
39109449
39131784
39147952
39149566
39130610
39136825
39115802
39132919
39092023
39117201
39153302
39125362
39098314
39134339
39133927
39099363
39107710
39130449
39100073
39119125
39107475
39080972
39128858
39099022
39107055
39146531
39096635
39102267
39109580
39109490
39113451
39140892
39128504
39113393
39143831
39100048
39161653
39135715
39159335
39108831
39119941
39127005
39122353
39147797
39100394
39139950
39112730
39121691
39134761
39139291
39137136
39126945
39089735
39142233
39093382
39116202
39123022
39116073
39108034
39131931
39103288
39120341
39119312
39131037
39089545
39167099
39148868
39118967
39108856
39138208
39110974
39115683
39094830
39134863
39091521
39120088
39115780
39173802
39106614
39128886
39090746
39117569
39132954
39131440
39157283
39083839
39116300
39081106
39134164
39134094
39101410
39139116
39103441
39132300
39127042
39133401
39138175
39100431
39114557
39135721
39117155
39137977
39094109
39131319
39125040
39166341
39097522
39166399
39104073
39112584
39116252
39134848
39144680
39105954
39144744
39112650
39149344
39139381
39093608
39159683
39139637
39132591
39115690
39161749
39145747
39149637
39154040
39105061
39142922
39134648
39139189
39144070
39169522
39120514
39122420
39097413
39158800
39096779
39181471
39152041
39168840
39154957
39128283
39083945
39118201
39165532
39109511
39087314
39124292
39126788
39097696
39128049
39122446
39167872
39180955
39154486
39130660
39415247
39096901
39139261
39122649
39140443
39113897
39179683
39145787
39108334
39098030
39133910
39188204
39188530
39182518
39154690
39181034
39115060
39115243
39136785
39135008
39096136
39092693
39133404
39142722
39098251
39178484
39169033
39182471
39132017
39117761
39167794
39116074
39157232
39102079
39109328
39112756
39130455
39141642
39141088
39124318
39139927
39167443
39149687
39141016
39175032
39107877
39115537
39146355
39143769
39127757
39159588
39119008
39166815
39107232
39099145
39129770
39105781
39156968
39127797
39171357
39107585
39138544
39193983
39099381
39145725
39103994
39093830
39162055
39100197
39155969
39088008
39110519
39121516
39119072
39096335
39103093
39089701
39158423
39183033
39141214
39104963
39179432
39191939
39101585
39128739
39111349
39137674
39119911
39097849
39071419
39453298
39133236
39175371
39116504
39119905
39103815
39114327
39144396
39109853
39160011
39141204
39087621
39098111
39143854
39132202
39081725
39152545
39118536
39157388
39133411
39119479
39145898
39109009
39138389
39100592
39087576
39135045
39092417
39148875
39177582
39086947
39154350
39130717
39121191
39152525
39134012
39084658
39120492
39157016
39107308
39184109
39092169
39144086
39093197
39163015
39108792
39103945
39085778
39116769
39124853
39121962
39099467
39162044
39105836
39141717
39121297
39122615
39150793
39122009
39135836
39512984
39117369
39131705
39091382
39190245
39104243
39172599
39165449
39099820
39094415
39091331
39123994
39131481
39111462
39135295
39148414
39117595
39098063
39095828
39104929
39131539
39151404
39143482
39146604
39142570
39119397
39165420
39134257
39134597
39140803
39168666
39169917
39112299
39119109
39104969
39110855
39132899
39127908
39135122
39092737
39099433
39139851
39121075
39150305
39114976
39177088
39108867
39092073
39121375
39150963
39175223
39112935
39143572
39119991
39134235
39084208
39130512
39097525
39098020
39103226
39132756
39117996
39143187
39118819
39157693
39135949
39129953
39131169
39178674
39138000
39140641
39156658
39183435
39166670
39147635
39155318
39119187
39168136
39142798
39151292
39168211
39135068
39121569
39140955
39174903
39148778
39128903
39084582
39134132
39085293
39135887
39107914
39174256
39164440
39175199
39140876
39127071
39156251
39116230
39152793
39153435
39100398
39120563
39092852
39158942
39122699
39166812
39110851
39101799
39136877
39094971
39137539
39104844
39160945
39192928
39114869
39173492
39148766
39114297
39131235
39137125
39132129
39164545
39128474
39100268
39108146
39307775
39155097
39117962
39136860
39148901
39170355
39120413
39111542
39160834
39121356
39180395
39145078
39124296
39164409
39115022
39174441
39113311
39090936
39101466
39123274
39095947
39133647
39148920
39330763
39170922
39111143
39137245
39101393
39138922
39089639
39135568
39175129
39113432
39185383
39168800
39170758
39157636
39153789
39150541
39125654
39174124
39135665
39144091
39112425
39090458
39119706
39101399
39133311
39108476
39097603
39171100
39099839
39134827
39153564
39105409
39058845
39364721
39053755
39092979
39077919
39090239
39080478
39055683
39067506
39108742
39052709
39073477
39054807
39077759
39062432
39122453
39053435
39043579
39122397
39053274
39381227
39142534
39104108
39040447
39071678
39087853
39143257
39086567
39107966
39111620
39042622
39057796
39111096
39097795
39126860
39098140
39089719
39078316
39102734
39077561
39099490
39121416
39057269
39032559
39082199
39093896
39054201
39073130
39087646
39045835
39071963
39291017
39050044
39060413
39086867
39052812
39054309
39090113
39052175
39093953
39091087
39061584
39108693
39070430
39090319
39052650
39076026
39084019
39066782
39093946
39042809
39117688
39127058
39067852
39060765
39075591
39084387
39067805
39055333
39087228
39077377
39094009
39097566
39099387
39092163
39054373
39052322
39073842
39053772
39101243
39070646
39086726
39103636
39049780
39081914
39073115
39050650
39099227
39106412
39126848
39088659
39094176
39090319
39056302
39114816
39034422
39102065
39077219
38989818
39108442
39096420
39083440
39067487
39063088
39102816
39121708
39126131
39078686
39099064
39086604
39106296
39081469
39092596
39090570
39064584
39126422
39086415
39472366
39100904
39108442
39128861
39061178
39146279
39129857
39113640
39080288
39101321
39099980
39080394
39073601
39128137
39076669
39388091
39050481
39046140
39124942
39084853
39056735
39103052
39264410
39075147
39079290
39083137
39096685
39111763
39097472
39095335
39080695
39051307
39066699
39077209
39088159
39112161
39080123
39073165
39087979
39088409
39099060
39049978
39092543
39056408
39050185
39107705
39078387
39101363
39092687
39065555
39130997
39078403
39144377
39134598
39125869
39096029
39119447
39124651
39129658
39060667
39101570
39093424
39096636
39056950
39200325
39128397
39063316
39103738
39116912
39107688
39090545
39079883
39113953
39049607
39085947
39106785
39120569
39060626
39122722
39124616
39118164
39127274
39122247
39110980
39126588
39111085
39069830
39081606
39041366
39072740
39112549
39093102
39091161
39067954
39056337
39032337
39105393
39078413
39140644
39137123
39121711
39056682
39038712
39053920
39091272
39081768
39093936
39073617
39093090
39055127
39104355
39089015
39099497
39072970
39122747
39017808
39126710
39086918
39086523
39144127
39129230
39093332
39087024
39070341
39070134
39101243
39126414
39117861
39066267
39131876
39134686
39088586
39088554
39112626
39155780
39096869
39099649
39102838
39078388
39109505
39125736
39047161
39082534
39091106
39072481
39077823
39102357
39109622
39067426
39115715
39085109
39110380
39120497
39117171
39048267
39106076
39045117
39053016
39121052
39086873
39062704
39120010
39098499
39057835
39096842
39060537
39110921
39096237
39092824
39054635
39061742
39050633
39097706
39086166
39134538
39086622
39057670
39118715
39139248
39108529
39114379
39110328
39092151
39101131
39073128
39068946
39064583
39068686
39104976
39088147
39053577
39098894
39074170
39045822
39091543
39109262
39078388
39103526
39083015
39083242
39107009
39088817
39066821
39106520
39085527
39082931
39067384
39089630
39084964
39104878
39077564
39092446
39135312
39104676
39103912
39110101
39092033
39091213
39094894
39123294
39132282
39082144
39053994
39046720
39096667
39095140
39097068
39059427
39073658
39097818
39079166
39095201
39087651
39088822
39100545
39100803
39099308
39366213
39088204
39089874
39109369
39101068
39103320
39095097
39088040
39088115
39066528
39077501
39099507
39039453
39065691
39104307
39096617
39075306
39083568
39101352
39043691
39052524
39059188
39049851
39093382
39058109
39063510
39051806
39090417
39062193
39052133
39056525
39094856
39060107
39060102
39077459
39086977
39059541
39049223
39054504
39052894
39053772
39080930
39047377
39057836
39053392
39039806
39091521
39101052
39061216
39063224
39048797
39056076
39048758
39088924
39080614
39089033
39056204
39060048
39052493
39082255
39045973
39053716
39055113
39077578
39049911
39077543
39102085
39097310
39099756
39089530
39096146
39075956
39102243
39064811
39084578
39052042
39143501
39043775
39083404
39074332
39136536
39098470
39093606
39076219
39052083
39090335
39066342
39098859
39094661
39091308
39095849
39100325
39096452
39053954
39074219
39084900
39100678
39092322
39096886
39082667
39068576
39076107
39078582
39085806
39079768
39096646
39096375
39058610
39105864
39079895
39088230
39085137
39099489
39103858
39098908
39073057
39090799
39107869
39054859
39092385
39100323
39085511
39307642
39053010
39098490
39085539
39106909
39100802
39104133
39100337
39101558
39099211
39056269
39083352
39084425
39093381
39095312
39093740
39084598
39088845
39071786
39098418
39132432
39059458
39092421
39094333
39094253
39085207
39042567
39109249
39113469
39083764
39081806
39097743
39102379
39084624
39079087
39095962
39092306
39099498
39092758
39059210
39061440
39123613
39103125
39050764
39082764
39099524
39088701
39116689
39103556
39109887
39092898
39094829
39093456
39093710
39084460
39094639
39087031
39092184
39095576
39094611
39086842
39102576
39102816
39094542
39087000
39089522
39102148
39102345
39093711
39139534
39092971
39130689
39089202
39110027
39102186
39110298
39095802
39115822
39086458
39078085
39104855
39076583
39089727
39107252
39054732
39092200
39090873
39083445
39131991
39082409
39100612
39081303
39071488
39133783
39117297
39098627
39093282
39091357
39042414
39101216
39090004
39095841
39093119
39093899
39095902
39097895
39098925
39075215
39103738
39103526
39083153
39115717
39081674
39084291
39093581
39092425
39098153
39063121
39084120
39077497
39092659
39100166
39095121
39090056
39079924
39073859
39094940
39068764
39056107
39079978
39094820
39104911
39101084
39033343
39079698
39083379
39091476
39076546
39111684
39104227
39095634
39098383
39098519
39072314
39094735
39089214
39098839
39057758
39104968
39095499
39129419
39078241
39095550
39093305
39075196
39089958
39107352
39083541
39092848
39092372
39054662
39067863
39089264
39104821
39111435
39091530
39087736
39099870
39073326
39095183
39077761
39072224
39101521
39097029
39100629
39331582
39041932
39100375
39065682
39101438
39074956
39092621
39104608
39090694
39093751
39081374
39086972
39119127
39095758
39086792
39109393
39099221
39089942
39093714
39092454
39094997
39088524
39082275
39090888
39074136
39084006
39087191
39080280
39131699
39093811
39095694
39081662
39100436
39099759
39099203
39067121
39081751
39102231
39089337
39073803
39095369
39085038
39076918
39045794
39099077
39095911
39092636
39049274
39071381
39066342
39114327
39094313
39082799
39103679
39069192
39074737
39102953
39119799
39099003
39093951
39087811
39096202
39088393
39095836
39086483
39102890
39098312
39097668
39099137
39093794
39066859
39064229
39078474
39057801
39112668
39079392
39102169
39100800
39042946
39107842
39091106
39085169
39053593
39112902
39065146
39068586
39096340
39100906
39091057
39083761
39098095
39066539
39107316
39096579
39091252
39082061
39054847
39070705
39113785
39102581
39107959
39096118
39087480
39100524
39105484
39095246
39044234
39091672
39091988
39060705
39102282
39076672
39131171
39094951
39046592
39073924
39080503
39068424
39081532
39091099
39085709
39041017
39054347
39065306
39062301
39071968
39046621
39048154
39037318
39044831
39115202
39054114
39055006
39056159
39043328
39067898
39065304
39097902
39098011
39102546
39083572
39099452
39083968
39112382
39072810
39099845
39105452
39039042
39070036
39041917
39055691
39063611
39071172
39057463
39083784
39080134
39086381
39060957
39092753
39105358
39071545
39063599
39099160
39083680
39043541
39060644
39082023
39078862
39051415
39088889
39052383
39067741
39084708
39051446
39066663
39090265
39095319
39055035
39084404
39064842
39055483
39142272
39000287
39066182
39056479
39092174
39047370
39060950
39066155
39079462
39089362
39055510
39060105
39075760
39099369
39051199
39080741
39060783
39046596
39086580
39090429
39084727
39043707
39078093
39097253
39068751
39101854
39043558
39064498
39075276
39075494
39046890
39072137
39089222
39098625
39108595
39081134
39089399
39094219
39062228
39055747
39090749
39085772
39115091
39078337
39107396
39097647
39092280
39115641
39046045
39103390
39117950
39083423
39107737
39076294
39037933
39114102
39072605
39098198
39078957
39086107
39044662
39066062
39081358
39060779
39067876
39066190
39081641
39040778
39114043
39074654
39062679
39058914
39091291
39097859
39076173
39061256
39093178
39046031
39051828
39050827
39094148
39066665
39087541
39124147
39079115
39117429
39079176
39093367
39057581
39049809
39081561
39108251
39100474
39068597
39085620
39063193
39111702
39084131
39056653
39107653
39076945
39098676
39090965
39073877
39050696
39092073
38994127
39092260
39104095
39061803
39051127
39094598
39041626
39083739
39251592
39101726
39117295
39092097
39057904
39056647
39102842
39035558
39149316
39085953
39092863
39099564
39080451
39061894
39089471
39058602
39078057
39053010
39102760
39095496
39049349
39098552
39087941
39094503
39123483
39090006
39061471
39204990
39042048
39083225
39082598
39094275
39069042
39084716
39117671
39474810
39044845
39086099
39109532
39093285
39050575
39109476
39053020
39084431
39057720
39080491
39052510
39090789
39082948
39101918
39089525
39054762
39107896
39110258
39061757
39058140
39091087
39055807
39089192
39056881
39076208
39087131
39100717
39091922
39057244
39087898
39125117
39098946
39102690
39065059
39081276
39101677
39088724
39083933
39069681
39067095
39074721
39058287
39085223
39070666
39102546
39067102
39090792
39042464
39121992
39038965
39085477
39082218
39043454
39100122
39117993
39055490
39069696
39123036
39106829
39100474
39089219
39091911
39087853
39068665
39078047
39058235
39091356
39077112
39093027
39099147
39113310
39069491
39054960
39092632
39079342
39092066
39095442
39099782
39110740
39058007
39057796
39091773
39095034
39087385
39082845
39092323
39060315
39013545
39094430
39085760
39051887
39096063
39116412
39068179
39053879
39054304
39038090
39092455
39052168
39111518
39087195
39094539
39068955
39063749
39046823
39094443
39075026
39056017
39092806
39099267
39038173
39124293
39094698
39070118
39091669
39035326
39079654
39105416
39032300
39057354
39067301
39095449
39058738
39030643
39064818
39068515
39078821
39116145
39055897
39094195
39047586
39082577
39055838
39095748
39082154
39056447
39115928
39090639
39089421
39082383
39072603
39093323
39044042
39082368
39083465
39049695
39068461
39145752
39094501
39071120
39113899
39086059
39043420
39096331
39075461
39051410
39061918
39087337
39062443
39115565
39131918
39103448
39085727
39094724
39120436
39096230
39121270
39104554
39143539
39126779
39116624
39138645
39096220
39166898
39150887
39093001
39121777
39161825
39145794
39146111
39176109
39130298
39149658
39142247
39077929
39127593
39113776
39167527
39153913
39126627
39121052
39158085
39174680
39119996
39126287
39101765
39185256
39155133
39092613
39154193
39108330
39157032
39149228
39103864
39128720
39165929
39135734
39178678
39147832
39172303
39127353
39133464
39119473
39076369
39168861
39107188
39119008
39147604
39173733
39144728
39135680
39126853
39098412
39137695
39167974
39112420
39140668
39115250
39105790
39218352
39135999
39118658
39130351
39118337
39099643
39137728
39149030
39169877
39148254
39170293
39160314
39181835
39175877
39130842
39176221
39107646
39155354
39173117
39181732
39142191
39163650
39170765
39130578
39162628
39187299
39115012
39119488
39137837
39153678
39127798
39148688
39154021
39182846
39127614
39168060
39180152
39114829
39162224
39090937
39184082
39175587
39109287
39186866
39148298
39176153
39178391
39127378
39108712
39123306
39088739
39139679
39160566
39085617
39146406
39165812
39157120
39129788
39142660
39112275
39126005
39189769
39134119
39142522
39200807
39111547
39129721
39149456
39169615
39119254
39123068
39085956
39124077
39192287
39142275
39124324
39105888
39133711
39129761
39088391
39139553
39086180
39383578
39163670
39163080
39149905
39117872
39111203
39095589
39140489
39131194
39088674
39172404
39172634
39155243
39117228
39153236
39101638
39144875
39136804
39165617
39135087
39146955
39119608
39133316
39168702
39166489
39172589
39098051
39132652
39092616
39120773
39095613
39113325
39087912
39114146
39146433
39118297
39126968
39137941
39146510
39130023
39134832
39132446
39186481
39129663
39141946
39144279
39120011
39101005
39177594
39106488
39158109
39118011
39177227
39194540
39143391
39123902
39122788
39086460
39132868
39143925
39092334
39095144
39128479
39132076
39088814
39124172
39140500
39103527
39133726
39120742
39124439
39138740
39164110
39129199
39187084
39102128
39145397
39122883
39123814
39155864
39102787
39157949
39162586
39127629
39455438
39113153
39116432
39171912
39135647
39118003
39134505
39123187
39104535
39160785
39134646
39137568
39125073
39151716
39126169
39133651
39098738
39147854
39119086
39082843
39132981
39088725
39120813
39096418
39145706
39096106
39150104
39121731
39101609
39143733
39129628
39120031
39121173
39136436
39135155
39136190
39143238
39081492
39088452
39146378
39111540
39140278
39124144
39134700
39137849
39147309
39126119
39118343
39122944
39140632
39135598
39120485
39138231
39122679
39124525
39135426
39095218
39122568
39134438
39109819
39134988
39108115
39136343
39100429
39107511
39092855
39147215
39108510
39116340
39095711
39151585
39111681
39136636
39110896
39105888
39108375
39121053
39144437
39104682
39132760
39099883
39145958
39128138
39088993
39096352
39148729
39101812
39139503
39108677
39123216
39158963
39098641
39091772
39114994
39081385
39092905
39112612
39121831
39101088
39120381
39128172
39129414
39149554
39140904
39125694
39139608
39151741
39129476
39093461
39152168
39092816
39146657
39139044
39138936
39126830
39136316
39126250
39108089
39125679
39128605
39140876
39162263
39145541
39078041
39102962
39119317
39147997
39150711
39158245
39147648
39105159
39123481
39111853
39119217
39141867
39133068
39114129
39147055
39135183
39141086
39100897
39133050
39109871
39153655
39084926
39137643
39153232
39051120
39052003
39081286
39069277
39057859
39069457
39062615
39063238
39083409
39067584
39065676
39051853
39073469
39056022
39107437
39068725
39050022
39090977
39075186
39063266
39073586
39079248
39021975
39094486
39076017
39092962
39081820
39083677
39091315
39094224
39084228
39071474
39102299
39086830
39085939
39053705
39071900
39037459
39075197
39055534
39095845
39057379
39047989
39063247
39065919
39102508
39066741
39078805
39067962
39048543
39032854
39064280
39085506
39056372
39051274
39057984
39047464
39051215
39072699
39072293
39103712
39054701
39077049
39058410
39079270
39051077
39046408
39090110
39075649
39049005
39119013
39076005
39058881
39041554
39099658
39058304
39079315
39092292
39215034
39071418
39098279
39089697
39071544
39096033
39093553
39046968
38998620
39078306
39065496
39102764
39060172
39108292
39064154
39048715
39032652
39077792
39078357
39061777
39051462
39055568
39057990
39060450
39154064
39083198
39049521
39106492
39057472
39046634
39083500
39054954
39133345
39047960
39082249
39076221
39026521
39111405
39116616
39047508
39077472
39075227
39074062
39386674
39087844
39028973
39077840
39108408
39043257
39081458
39083985
39103543
39039832
39097150
39095704
39047458
39096599
39067607
39076461
39085054
39109965
39089353
39062239
39046440
39111509
39055431
39070394
39099601
39075016
39093646
39081399
39081522
39064110
39065937
39044298
39079850
39076108
39072030
39055537
39093142
39062514
39257268
39086565
39075733
39052689
39101332
39087790
39065888
39091042
39079134
39095185
39037287
39115536
39057906
39072452
39055632
39083621
39049718
39048694
39094443
39110177
39105313
39112479
39076947
39097934
39067581
39069796
38999042
39070685
39086566
39089307
39075595
39070017
39050089
39083285
39090095
39074893
39094770
39080980
39060233
39096227
39090675
39100313
39084676
39058743
39059245
39069765
39072618
39076660
39070582
39066513
39070353
39060978
39079341
38996267
39077259
39080368
39073198
39071749
39061287
39087651
39063012
39037420
39106534
39044934
39081822
39052372
39063707
39060625
39048311
39082480
39035668
39030303
39076925
39102448
39074144
39075305
39119777
39092568
39050219
39077815
39095831
39054572
39098781
39085516
39076092
39131362
39027178
39075761
39039846
39079602
39064343
39097135
39064945
39097735
39093043
39080415
39085100
39093538
39070996
39044632
39055666
39089880
39064802
39081757
39093992
39047105
39072339
39060831
39064255
39064606
39068816
39058482
39100620
39049084
39079218
39088441
39087722
39079142
39091861
39044589
39085009
39064429
39049717
39086648
39057850
39063951
39122194
39106592
39109611
39103093
39092262
39093260
39067761
39084385
39092576
39058312
39105310
39080196
39056785
39080373
39063668
39024442
39072294
39044518
39052840
39067044
39045867
39052452
39047854
39060056
39057967
39054863
39073844
39046971
39081343
39040262
39089184
39058645
39080892
39052088
39047679
39043105
39078665
39106405
39110048
39093219
39034173
39066574
39059547
39066866
39064458
39060754
39059096
39066417
39062772
39054336
39070788
39125454
39064943
39068232
39070642
39045908
39066070
39043757
39063725
39086189
39078546
39119259
39086657
39064586
39043527
39055492
39053144
39074266
39013696
39052765
39035729
39016652
39054873
39068260
39061635
39016335
39006718
39011709
39005818
39038093
39015073
39049141
39052172
39021711
39023403
39014081
39011588
39038794
39020306
39028867
39018361
39010540
39039420
39050779
39057241
39030705
39016904
39065612
39097743
39102381
39110945
39104966
39093017
39099397
39097577
39108098
39055852
39118527
39053668
39089646
39071696
39083408
39084865
39115563
39124254
39070911
39052124
39106140
39117650
39113962
39075468
39094520
39084182
39105371
39100855
39075122
39113847
39085790
39095903
39097523
39084651
39080053
39080578
39121576
39084432
39106099
39057830
39068918
39092018
39061807
39119864
39098001
39091202
39097019
39091740
39123368
39067078
39087149
39067312
39086246
39073798
39139148
39081656
39081331
39057518
39082744
39146645
39116838
39115448
39073563
39111025
39102750
39159627
39138458
39096504
39166094
39067212
39133078
39068216
39036435
39130136
39105453
39102957
39110555
39130189
39073084
39061237
39040176
39074336
39074694
39100715
39105409
39113010
39108238
39086809
39076694
39110068
39081669
39108687
39102226
39075079
39114039
39161101
39144152
39085768
39096748
39063670
39119776
39118436
39126091
39106359
39107607
39128597
39077523
39094082
39105829
39124579
39105508
39108510
39062630
39107588
39056609
39145135
39091599
39070314
39112800
39078069
39098162
39113750
39101131
39116204
39084128
39113822
39092654
39107890
39105368
39112081
39109198
39116066
39116791
39146723
39107395
39167821
39085621
39089725
39121777
39093897
39122987
39093122
39101973
39082971
39140723
39062633
39067684
39140363
39055524
39069788
39146701
39105532
39128873
39080424
39119018
39137686
39093585
39082767
39147916
39139677
39100322
39093188
39113313
39081517
39100842
39081097
39082268
39139928
39099212
39083834
39136467
39148744
39174050
39109416
39098617
39051600
39053221
39127852
39085667
39081148
39038956
39105335
39102427
39142665
39120632
39110116
39059037
39121706
39097454
39118069
39116962
39162324
39121410
39148626
39058562
39120917
39098751
39104709
39149396
39068180
39122522
39139762
39163255
39081614
39080964
39095519
39087219
39124854
39069650
39092448
39090674
39069762
39123364
39056630
39068254
39155556
39168346
39081659
39161536
39133523
39136111
39106562
39074473
39087407
39080754
39141453
39112283
39131037
39058313
39104117
39101401
39138435
39065977
39108644
39115998
39125972
39062956
39061609
39100417
39094899
39100738
39058467
39081757
39103654
39099794
39079829
39105276
39112968
39067433
39071473
39094236
39075383
39044095
39089818
39119901
39093716
39110051
39063113
39065199
39063199
39091373
39151406
39133691
39079369
39143173
39118132
39071069
39101386
39061355
39112541
39116915
39129560
39098452
39095411
39096696
39096539
39101013
39098183
39087941
39113888
39066856
39091545
39091108
39134541
39098387
39128565
39063008
39100717
39091481
39142585
39087287
39119457
39108921
39098345
39085586
39136293
39077290
39118537
39110226
39112484
39107757
39089216
39107740
39122873
39113691
39098203
39113494
39066411
39123446
39116827
39087688
39102336
39066102
39091949
39084090
39101032
39106194
39116134
39106277
39108105
39122179
39068243
39090627
39139947
39100842
39074607
39090089
39080117
39090035
39121290
39106702
39083874
39120282
39076886
39103414
39097746
39086812
39114615
39102111
39123336
39110770
39090793
39061604
39111415
39079080
39136654
39110879
39116212
39106584
39074785
39081718
39089240
39118817
39144229
39129380
39063041
39108880
39120752
39113186
39109829
39128880
39056028
39110382
39085237
39098119
39063449
39084058
39100736
39084616
39088500
39108362
39108441
39087078
39075984
39104338
39084326
39116448
39150435
39074585
39082454
39106088
39438753
39125298
39064794
39065277
39041554
39030190
39047080
39061926
39014044
39056618
39042655
39040924
39040710
39077563
39053777
39067775
39066380
39069594
39068742
39051578
39058501
39033608
39107646
39070269
39033227
39027891
39025229
39069532
39062036
39049898
39050444
39086786
39037869
39012637
39098196
39047078
39059625
39070213
39031460
39062363
39021058
39063142
39041666
39057633
38997994
39024102
39076231
39066815
39102948
39040540
39050941
39045110
39019645
39059456
39034335
39043175
39051017
39007030
39027197
39086894
39034480
39081463
39039660
39056587
39062457
39027667
39006809
39050270
39027091
39069153
39045681
39060431
39038862
39046660
39033825
39051512
39045240
39074054
38995779
39090628
39023853
39060224
39046649
39081571
39036902
39068317
39050511
39076715
39060383
39085218
39021152
39054526
39012650
39096895
39029421
39065381
39048831
39033305
39087562
39049311
39024763
39058226
39059682
39025291
39045665
39091323
39036344
39053059
39074247
39009592
39025111
39059033
39033143
39046103
39026963
39061686
39039348
39059880
39054655
39062269
39064552
39047365
39079783
39033382
39022407
39051414
39037662
39040316
39061751
39038404
39062767
39099678
39045064
39068559
39094403
39051621
39047048
39067369
39054208
39076565
39053162
39039789
39049110
39053724
39087973
39061320
39058585
39092520
39043827
39054969
39089006
39048812
39044098
39051222
39048407
39028095
39008722
39056450
39017756
39050646
39088258
39080987
39026978
39019766
39054153
39051323
39058146
39014933
39050650
39007876
39034919
39019051
39037965
39047906
39060739
39012660
39013414
39004755
39046077
38997117
39089085
39024185
39019926
39013892
39049359
39010456
39057274
38974160
39038976
39048977
39017983
39062180
39056920
39086875
39086637
39149191
39058925
39051257
39062865
39054851
39029840
39043506
39091092
39378373
39047365
39051388
39049614
39049344
39039643
39016032
39059700
39055404
39038780
39058291
39071371
39044633
39098141
39068417
39049004
39084637
39048316
39052022
39286896
39050992
39030996
39053675
39092728
39069270
39055571
39030035
39053658
39063871
39041815
39029071
39046018
39048447
39063401
39056596
39040724
39087992
39072455
39026588
39047548
39017695
39052662
39070590
39051624
39005889
39036568
39056510
39055620
39061491
39048008
39034913
39011196
39044515
39013138
39004529
39041147
39018184
39057751
39039708
38996253
39001657
39041122
39050353
39051067
39082414
39099982
39078073
39014292
39018381
39066749
39063560
39034879
39057761
39004825
39068291
39020397
39053781
39037943
39063040
39072744
39026906
39070030
39062097
39048575
39061878
39022606
39054743
39089483
39033080
39062469
39042597
38996982
39019339
39043505
39012255
39049614
39012351
39052332
39020570
39025607
39023014
39076683
39041111
39050187
39049857
39033551
39027457
39048997
39060774
39020184
39046325
39045735
39066514
39065947
39013893
39040934
39043446
39049120
39020873
39040613
39035427
39015986
39072592
39047407
39038470
39010117
39049392
39002559
39006573
39066762
39053314
39056648
39019101
39073266
39032254
39046401
39041230
39062092
39040052
39048360
39051317
39060168
39051545
39064652
39019223
39035563
39041246
39057589
39021515
39059933
39041560
39040336
39049780
39054172
39053199
39055466
39065778
39057251
39053394
39040769
39035223
39057075
39031681
39053190
39055165
39051534
39051394
39042791
39067686
39095746
39042801
39054392
39082827
38993586
39058769
39072506
39079966
39001662
39031661
39049999
39069228
39065133
39039581
39053693
39087796
39099506
39054005
39118477
39045950
39107831
39092443
39087900
39085422
39079991
39090648
39093599
39092686
39113485
39090914
39061564
39118239
39083553
39087792
39099226
39095267
39105212
39064791
39093378
39048853
39091577
39081673
39094511
39053964
39096271
39089350
39054360
39119488
39106412
39124739
39125940
39092120
39101022
39087399
39081842
39081977
39109411
39090512
39118410
39119718
39090701
39094365
39082112
39097965
39082950
39088901
39068403
39082204
39133707
39102196
39105250
39086185
39101038
39091594
39079122
39094816
39074262
39099758
39107452
39123970
39115851
39116931
39092657
39095202
39103788
39059617
39114289
39059996
39084905
39042036
39061974
39144579
39128770
39089796
39087898
39123926
39055044
39102135
39099734
39121953
39086383
39095993
39089252
39092581
39122876
39081471
39066457
39083012
39078561
39075150
39101713
39119962
39097148
39093404
39118589
39104570
39127594
39084391
39131450
39055965
39093064
39093453
39088505
39094577
39090145
39081208
39085037
39124933
39058536
39096493
39062370
39028796
39094954
39183281
39089197
39070468
39094196
39087744
39085562
39085761
39091872
39103300
39111198
39117057
39125430
39094836
39056300
39094887
39058880
39095472
39122730
39097506
39099374
39085596
39108276
39118375
39090910
39096041
39072910
39090194
39093467
39094858
39094028
39129525
39048024
39083928
39087043
39096336
39094254
39095404
39125548
39131387
39095838
39101643
39083968
39102465
39085226
39081971
39078612
39092564
39084559
39100437
39125386
39096595
39087190
39094355
39095953
39100702
39108262
39094407
39086519
39081958
39106950
39098035
39086736
39081686
39084070
39096814
39091047
39106613
39092890
39088027
39088744
39070919
39127830
39082874
39103139
39092563
39095075
39087352
39087804
39103918
39095902
39089981
39098924
39089782
39107065
39102012
39099950
39121114
39123755
39088411
39083552
39105900
39095887
39125796
39097476
39097096
39097488
39126819
39123945
39100901
39062617
39101775
39065804
39095872
39096338
39104964
39097970
39101243
39114239
39208094
39124914
39092099
39130658
39088844
39073125
39145127
39074468
39101014
39084733
39093409
39097954
39082706
39108842
39083314
39085818
39106613
39096452
39089503
39090625
39102717
39097687
39092145
39092607
39104518
39123835
39081782
39104132
39078855
39129285
39121987
39093562
39073834
39095772
39125657
39078780
39117190
39097754
39095762
39128613
39135221
39095540
39095091
39085692
39082307
39095538
39095335
39098328
39096490
39096664
39052419
39090215
39094464
39114486
39097946
39080370
39082944
39101952
39094438
39081308
39091837
39223342
39113586
39097784
39081190
39098422
39096470
39098476
39098988
39084774
39141130
39130875
39091574
39094687
39095968
39073903
39133817
39122756
39094150
39042731
39094887
39093260
39087475
39104351
39095427
39096544
39095525
39101917
39110393
39112132
39080505
39094942
39117114
39109341
39086583
39088042
39127298
39096672
39106123
39085819
39102266
39081766
39092486
39100042
39090635
39081666
39139671
39091031
39094135
39096304
39121172
39079789
39105327
39093200
39085275
39093043
39089581
39102766
39099308
39097618
39101035
39084160
39090388
39099015
39145666
39102140
39093177
39097896
39088252
39090622
39087392
39101796
39095026
39092683
39084006
39071655
39088992
39103040
39074753
39093177
39094677
39091032
39110371
39089253
39123206
39082923
39101814
39085250
39092771
39096102
39075051
39061426
39106868
39101467
39091686
39058058
39062884
39088193
39027898
39053733
39042922
39013067
39059648
39014653
39068310
39090551
39072157
39069469
39064814
39013651
39020037
39008726
39099503
39052478
39045500
39034885
39021243
39037274
39018186
39029083
39056236
39051730
39042053
39055392
39070406
39028686
39062178
39054230
39051932
39052608
39063150
39054563
39019971
39065407
39030241
39029867
39008533
39057827
39035157
39041058
39027372
39030745
39036949
39050953
39018203
39045052
39036770
39033078
39052388
39076099
39040725
39035333
39065373
39046454
39102985
39001934
39088306
39030208
39049622
39042175
39027939
39027523
39052369
39017352
39044447
39049674
39040331
39037393
39059446
39009652
39021975
39083653
39051229
39048004
39061360
39015163
39048297
39029016
39033445
39039066
39021985
39035565
39063306
39051027
39060474
39049999
39045188
39050306
39033839
39037608
39045541
39035090
39049015
39055305
39045427
39058826
39036133
39029650
39051866
39030335
39056490
39029646
39054902
39038189
39046587
39028049
39019431
39066939
39035248
39036873
39040322
39084793
39035540
39048291
39010119
39025274
39037862
39033120
39037443
39024094
39031960
39072677
39046564
39049559
39137727
39068751
39054169
39037445
39068173
39066051
39025029
39043463
39068163
39048256
39027737
39042178
39054007
39034383
39050726
39068247
39037054
39033404
39049599
39041738
39050295
39073004
39044194
39071139
39051063
39070722
39043551
39049597
39062630
39073083
39043961
39056880
39033484
39049780
39061476
39052730
39029626
39051203
39043129
39039156
39025416
39054437
39042587
39040528
39040057
39023293
39019980
39033221
39015124
39065976
39057329
39032900
39053364
39048385
39051992
39025260
39058841
39063868
39039198
39036926
39053444
39043609
39026031
39045957
39016083
39003900
39010775
39015173
39041932
39001589
38966551
39025973
39052916
39022944
39045654
39034930
39021430
39067457
39069766
39041342
39059088
39035003
39046019
39050443
39070490
39050498
39056125
39071424
39039256
39029217
39047250
39007571
39034284
39068321
39018018
39062071
39069035
39069260
39052268
39047693
39028834
39053681
38978769
39008563
39054980
39031932
39030715
39016486
39063494
39058080
39020245
39002889
39059342
39078623
39054338
39071217
39013709
39058326
39005247
39026141
39060206
39048600
39053548
39055953
39066603
39050308
39065208
39029651
39009594
39054739
39018255
39050788
39065218
39009288
39057488
39057554
39010697
39058815
39039995
39040633
39044779
39011404
39020862
39029333
39002413
38976817
38996124
39059938
38998114
39052446
39015801
39062749
39020364
39011419
39057449
39028798
39047380
39013388
39028133
39008972
39072499
39081105
39028346
39055742
39033560
39060509
39011330
39031606
39030937
39052235
39033791
39019052
39059222
39024403
39022052
39062500
39039874
39051948
39015218
39040730
39018324
39066784
39018417
38998273
39036898
39048320
39058185
39038889
39083678
39045710
39047922
39066765
39075939
39023513
39043638
39038635
39042996
39029785
39049407
39052467
39049549
39051317
39025800
39067395
39050256
39066763
39031416
39011368
39028012
39018505
39049904
39008929
39032636
39086102
39051974
39050724
39011400
39037740
39024417
39015014
39020062
39009692
39034131
39045239
39068985
39028522
39033392
39060235
39045769
39073777
39011632
39077805
39043857
39044976
39043411
39056948
39017771
39047339
39062045
39043476
39046737
39060490
39043238
39047707
39030924
38997116
39059012
39046718
39002553
39063299
39060818
39002799
39049606
39057344
39091828
39042899
39028074
39112868
39115893
39122171
39084169
39083934
39077022
39096762
39103601
39100736
39090941
39104441
39094862
39110527
39076747
39166796
39099455
39088469
39100393
39100043
39114672
39091452
39065613
39101065
39108868
39067693
39061585
39077264
39117909
39129348
39093990
39094187
39095802
39111088
39088579
39089156
39098765
39069138
39086455
39072679
39112652
39089592
39084762
39102063
39115723
39113483
39087088
39090950
39090919
39079316
39080284
39075756
39064822
39091470
39093570
39088348
39074377
39090482
39117028
39114165
39069685
39091955
39097408
39095986
39102027
39100283
39075298
39096018
39124409
39073209
39114485
39072583
39102760
39095735
39068406
39073811
39077815
39087135
39038338
39097816
39063975
39061348
39079697
39103386
39077511
39101008
39106661
39104105
39090482
39076579
39095387
39131169
39085205
39067061
39075726
39107889
39089155
39067912
39090964
39104528
39079690
39125615
39087791
39075968
39096034
39099583
39079870
39076090
39096189
39076477
39059834
39108270
39082554
39095054
39101945
39302596
39079608
39120811
39085124
39122147
39099977
39067956
39077310
39074475
39104420
39093072
39083646
39086774
39068054
39099635
39103681
39093510
39085012
39084632
39078674
39085644
39091945
39087194
39090923
39103219
39075508
39082931
39135171
39101226
39093436
39108872
39085739
39092984
39105523
39096693
39094105
39062370
39066660
39111527
39078843
39107132
39107270
39096980
39079037
39098005
39071631
39106981
39101226
39086852
39131676
39222950
39101461
39074423
39076875
39096521
39095990
39091704
39108366
39062539
39081028
39115692
39117788
39085505
39081743
39068696
39080667
39057133
39134884
39090997
39088810
39058224
39113980
39088840
39076115
39087554
39078448
39083895
39079101
39079543
39052694
39097894
39083852
39107753
39096705
39109724
39221494
39119303
39113116
39083651
39100142
39081141
39101303
39105986
39122968
39079431
39095767
39115327
39082674
39101086
39118817
39380060
39104264
39094960
39070874
39069636
39063568
39082960
39067246
39113784
39080301
39106838
39091347
39075669
39076256
39062480
39078057
39099352
39121583
39109831
39085870
39075964
39077484
39109090
39099250
39064693
39094183
39095797
39083571
39063705
39090305
39080444
39072878
39095937
39003082
39039652
39098601
39101878
39077823
39123709
39095156
39073970
39079467
39057255
39109931
39077148
39068374
39098576
39100589
39076606
39077032
39086501
39090233
39072194
39131883
39088021
39082553
39113610
39068531
39093698
39093062
39094425
39067899
39074786
39114902
39113029
39098806
39106564
39083228
39100451
39051741
39052209
39092485
39096151
39091546
39109672
39088644
39098166
39107761
39060676
39081476
39079955
39092848
39055237
39050000
39078606
39108937
39062629
39105005
39061166
39051891
39064035
39087999
39072880
39099176
39098976
39088569
39068251
39086646
39089502
39090114
39107159
39115862
39120644
39082363
39078803
39128234
39074041
39100923
39073784
39073537
39077012
39074085
39069123
39078541
39094913
39049311
39068203
39113327
39048852
39056973
39080726
39082730
39133175
39115005
39103210
39095636
39081197
39069640
39099542
39081991
39084974
39088746
39048686
39102639
39051163
39107000
39125824
39099655
39106800
39119963
39049024
39066587
39096346
39063953
39071955
39099893
39097861
39090411
39087807
39084548
39061098
39111897
39075559
39089072
39066247
39087768
39055191
39079978
39100990
39067313
39079480
39051671
39076702
39074952
39083918
39067827
39110566
39103443
39090804
39075016
39015234
39021717
39037575
39020109
39042548
39030761
39008592
39024790
39095413
39034591
39043789
39024129
39030074
39021028
39012884
39028296
39033141
39030341
39032060
39053625
39029458
39006121
39018935
39041641
39056571
39010260
39040316
39024394
39060370
39042362
39017771
39005560
39067916
39057310
39018411
39017132
38998153
39078325
39031486
39023656
39044222
39005349
39021253
39026409
39052335
39039060
39061869
39054912
39048616
38995089
39036401
39055883
39054369
39029345
39066356
39045756
39059428
39069669
39031167
39038011
39037742
39058066
39044907
39037342
39032596
39056850
39051585
39053272
39055943
39012855
39028436
39042410
39071541
39023378
39027955
39030892
39039859
39027501
39048903
39043398
39077310
39007586
39040412
39023158
39034592
39010649
39048245
39018855
39029200
39003655
39021832
39019893
39033656
39035215
39027592
39031235
39048082
39027113
39021440
39022830
39047820
39076005
39080970
39000272
39049791
39041088
39004344
39036251
39044019
39022767
39047164
39080150
39064628
39007087
39020895
39011617
39017476
39012385
39068304
39036560
39049651
39085324
39081881
39033509
39020150
39039033
39019719
39053815
39030698
39015343
39030800
39031262
39003931
39047250
39028823
38961112
39061728
39016762
39075046
39008264
39013875
39015850
39026188
39024848
39049336
39018859
39037449
39042579
39001355
39046881
39032319
39022225
39043074
39031474
39044853
39069362
39032659
39037195
39035883
39050505
39057143
39039374
39056914
39032581
39042196
39048157
39010774
39046735
39034620
39027462
39003228
39018356
39034468
39047617
39025923
39057185
39045278
39058827
39060344
39047650
39063507
39020781
39036795
39025975
39028022
39033647
39029337
39035961
39024887
38995325
39005418
39021910
39033377
39038910
39044398
39021602
39016838
39024724
39058763
39010503
39027663
39015108
39066245
39026837
39054601
39044625
39059064
39015260
39021154
39054125
39045804
39070324
39028026
39024765
39012178
39034137
39012964
39044206
39058140
39026806
39005352
39076468
39024269
39022398
39039022
39045370
39032749
39017193
39071504
39045676
39040787
39044353
39016424
39079871
39041435
39034522
39047103
39027989
39052088
39032089
39045742
39056046
39048835
39021451
39015251
39001828
39028188
39009747
39030929
39028943
39020646
39007880
39036800
39035416
39055083
39048420
39065580
39070112
39042639
39041447
39016373
39057856
39010953
39026083
39022991
39016837
38998209
39012471
39043410
39052238
39018007
39006679
39062423
39058403
39029760
39023329
39012937
39049990
39034912
39045902
39053063
39041910
39005164
39035294
39035261
39023162
39047649
39027055
39011057
39021443
39047160
39006496
39040481
39016310
39049551
39008852
39031055
39003967
39046274
39037122
39053884
39090226
39025727
39027718
39019302
39007601
39030643
39007546
39034942
38988490
39028864
39035919
39032334
39024382
39007508
39026302
39017656
39041073
39012201
38987639
39007848
39022174
39034571
39047388
39003105
39068524
39015271
39035593
39017458
39043980
39024383
39010664
39026418
39018989
39013102
39033105
39053259
39035264
39032777
39041201
39017229
39012005
39033147
38994005
39005990
39012548
39026447
39031313
39031929
39021088
39047679
39052314
39025949
39025899
39025983
39037773
39037866
39028856
39065938
39017320
39013790
39037365
39018471
39041834
39000518
38997400
39039240
39002036
39058765
39048022
39042129
39007824
39074514
39040782
39035737
39025782
39014864
39039364
39029934
39035120
39027925
39047462
39032289
39046860
39099291
39072887
39079711
39065127
39067245
39128291
39093061
39148675
39066246
39104327
39075575
39070185
39105731
39056286
39062703
39050338
39057383
39082535
39085650
39112683
39104234
39068879
39073905
39085198
39085096
39066672
39100455
39084901
39096311
39052877
39075799
39072352
39086817
39079764
39060169
39098694
39092131
39113630
39100614
39042352
39100087
39060428
39091859
39165265
39068713
39092584
39090369
39082456
39115377
39031134
39062318
39098428
39063627
39050096
39108188
39083417
39077288
39085481
39103653
39073316
39067669
39064163
39084961
39082696
39036158
39087473
39113230
39093728
39057206
39105961
39094411
39062546
39094179
39231576
39111201
39103716
39059700
39092282
39075733
39082473
39089289
39068745
39087878
39146981
39066736
39050647
39098339
39110421
39081405
39074521
39086753
39028057
39053298
39073033
39090385
39076297
39050865
39079728
39070996
39063651
39075655
39073889
39124429
39125562
39062867
39072572
39104394
39089127
39100901
39078006
39110716
39094604
39065962
39084603
39092209
39108808
39073191
39082503
39075575
39077517
39096968
39075167
39092365
39194176
39091961
39080097
39043262
39069203
39059006
39085519
39050928
39085373
39108275
39063319
39226143
39121294
39111885
39080408
39066347
39071412
39084572
39090754
39116817
39086670
39115293
39088793
39069279
39053939
39131965
39094114
39109229
39067972
39062077
39073196
39143248
39086814
39103464
39056873
39071834
39100010
39094142
39077680
39121260
39123876
39071587
39095130
39107211
39096471
39117122
39093390
39065368
39095968
39079895
39113061
39053264
39091022
39104282
39110382
39094729
39104137
39085788
39098968
39089537
39096533
39085097
39061906
39048631
39111604
39057916
39133337
39101434
39081071
39076832
39087685
39117840
39062184
39112749
39079284
39076940
39072348
39141620
39049579
39073873
39095769
39096086
39076582
39127569
39082488
39107134
39070541
39130835
39079792
39051117
39152541
39046579
39115985
39089369
39125389
39050561
39121744
39120664
39161558
39090548
39102797
39093674
39053685
39071386
39067705
39120550
39110741
39033140
39069741
39068426
39094939
39097657
39058208
39083736
39060147
39106834
39080852
39100770
39106366
39103049
39108683
39085663
39166056
39080817
39115302
39076773
39097831
39122637
39078760
39157984
39063645
39116567
39138392
39339455
39109350
39096442
39090782
39074591
39120881
39140490
39154142
39116912
39072080
39126163
39136819
39137761
39134866
39090552
39121878
39089876
39121596
39105587
39128300
39122958
39065281
39090067
39126642
39138054
39051494
39067218
39033838
39102447
39125640
39141157
39096367
39068005
39108818
39058472
39111841
39046104
39114412
39097094
39091945
39068141
39091560
39100252
39050437
39091310
39083721
39105937
39050344
39082431
39244812
39077103
39065647
39098769
39077493
39113047
39141879
39083525
39129022
39064222
39087686
39060933
39134774
39120009
39037810
39086635
39076170
39145051
39063149
39086414
39096627
39074045
39072424
39048107
39097506
39081870
39106306
39089796
39115305
39083503
39071822
39103762
39060423
39129178
39072433
39065032
39083296
39058383
39097198
39064577
39125584
39084598
39083258
39066431
39062109
39076897
39120379
39081495
39080956
39060789
39041561
39073480
39089131
39075618
39074544
39117668
39060489
39072422
39099466
39058412
39096572
39066575
39071203
39112418
39091213
39083209
39094506
39085593
39077270
39074209
39058777
39110710
39078466
39093576
39053005
39066312
39077600
39105107
39067145
38997090
39025639
39056345
39055442
39048205
39033166
39045731
39084073
39032696
39029481
39057531
39076286
39069914
39012819
39002079
39083920
39003414
39051967
39021259
39031433
39034873
39043428
39082017
39007361
39039696
39064143
39027100
39068350
39026399
39054634
39047393
39016872
39081317
39027826
39078316
39029369
39027297
39052959
39044851
39056230
39034592
39018015
39068671
39015416
39019400
39034740
39055379
39000523
39060894
39015809
39017189
39033907
39009793
39014756
39066486
39026456
39017720
39038998
39034201
39051788
39073811
39047707
39032762
39024291
39026668
39055927
39034303
39045133
39022814
39033795
39063145
39024781
39058183
39045371
39029784
39028057
39048181
39039419
39010108
39054170
39036804
39023307
39049415
39053171
39291096
39021426
39045555
39053290
38998320
39057191
39031651
38971072
39034704
39025606
39003322
39049963
39034870
39041624
39005005
39035280
39071568
39015097
39036934
39023027
39010070
39066792
39017290
39006463
39039421
39018065
39004106
39041654
39002740
39036808
39013620
39020609
39033280
39010628
39043053
39042958
38993585
39055818
39034403
39058183
39374758
39016471
39058398
39068439
39046839
39059579
39018234
39060520
38967862
38976703
39055301
39045409
39057919
39056952
39055321
39015222
39057260
39047360
39046444
39039535
39048391
39006131
39067739
39065120
39031200
39034724
39016502
38989516
39029966
39012696
39026715
39027148
39016304
39073912
38991104
39433025
39091976
39032084
39066097
39033475
39008585
39018914
39022991
39055918
39036369
39023362
39047845
39011167
39012842
39016099
39025863
39037748
39011913
39012675
39024974
39055922
39018652
39011338
39354375
39025901
39028477
39016262
39012524
39031938
39058410
39033699
39055342
39014766
39075287
39048808
39018453
39084570
39062793
39045626
39362843
39021831
39002929
39024756
39022398
39045403
39010780
38980629
39067655
39026134
39048725
39031849
39056807
39026179
39060652
39023577
39044520
39022630
39014946
39003016
39047636
39024605
39041524
39026320
39038453
39062322
39044017
39014299
39035518
39041122
39080230
39023678
39047403
39047689
39010547
39005459
39003619
39019630
39086007
39009541
38997310
39009649
39032654
39038177
39015442
39011851
39064232
39007391
39021308
39011531
39028053
39071859
39045615
39041411
39106459
39014128
39060447
39029810
39060180
39040863
39015381
39043836
39066009
39063406
39047359
39015861
39031160
39001689
39031681
39050186
39019742
39027875
39032078
39052601
39039010
39036658
39043171
39038620
39017510
39046056
39021884
39034354
39014328
39016223
39021238
39055098
39032812
39008342
39031593
39023850
39070201
39012107
39058436
39024896
39024374
39037420
39043425
39096487
39098182
39008290
39099473
39054259
39036366
39045821
39045101
39053652
39049142
39063072
39008752
39043770
39061065
39053490
39007303
39036802
39101101
39044778
39050462
39086642
39081237
39033609
39057804
39046391
39072241
39052334
39066821
39046010
39091411
39039994
39055682
39077765
39055018
39028089
39037498
39032476
39006360
39007654
39011903
39037085
39078728
39009115
39066626
39053819
39054098
39027531
39009846
39043627
39019836
39055182
39038035
39016195
39035917
39058331
39016654
39058409
39054562
39082337
39025896
39069284
39047111
39025148
39060791
39039818
39076061
39047597
39029708
39028666
39013676
39041256
39022204
39007983
39038965
39082599
39054310
39046657
39044164
39019663
39057371
39079244
39028491
39036174
39047218
38993482
39057157
39021714
39030453
39055923
39092189
39092274
39058082
39082479
39066028
39080243
39086398
39102068
39076349
39075579
39078393
39036331
39128656
39108208
39145872
39121225
39129239
39089956
39097356
39044022
39104600
39051671
39087302
39076798
39081585
39092565
39070059
39123137
39074869
39092251
39099751
39117824
39099904
39117238
39079814
39102747
39090470
39059819
39063654
39083073
39114847
39047463
39065029
39062272
39114137
39063309
39114382
39093942
39107372
39091467
39082210
39090010
39100719
39050781
39061577
39072219
39098692
39088235
39069041
39057034
39082163
39097371
39108554
39056876
39043194
39379626
39092242
39132994
39055588
39073715
39066928
39070489
39098409
39096229
39061439
39063543
39098801
39066263
39061345
39056831
39084210
39096213
39080972
39058742
39102550
39099849
39088677
39099029
39121517
39066250
39121045
39093699
39127621
39083855
39144080
39121960
39038361
39091589
39085145
39076132
39079211
39075229
39060482
39107237
39044689
39103010
39062957
39055361
39083622
39051395
39061395
39101990
39090186
39073645
39083670
39092525
39092834
39102314
39066572
39072380
39129413
39097446
39056626
39070704
39055404
39078758
39061224
39135778
39089380
39045809
39368429
39099997
39060612
39068667
39074732
39082007
39055196
39082401
39091223
39051861
39043893
39078767
39066834
39097940
39118470
39074476
39076354
39097078
39078259
39050203
39093974
39107694
39101904
39106248
39108652
39089471
39047010
39137105
39022553
39090844
39117206
39111354
39055213
39101587
39097132
39122938
39103657
39066331
39010226
39105537
39063759
39057119
39036613
39113893
39102793
39036881
39035509
39013365
39004011
39104227
39078546
39093546
39120122
39015270
39051547
39032626
39105537
39082671
39077066
39065627
39131504
39065648
39089662
39066567
39039884
39063088
39070538
39067288
39056752
39099086
39055758
39131398
39088115
39050729
39082532
38969104
39043927
39083746
39085625
39064773
39058604
39028926
39076186
39091101
39055365
39072388
39046091
39036537
39097068
39060173
39069794
39064445
39098497
39091913
39069544
39076921
39039538
39039323
39092285
39084947
39077103
39093439
39080604
39111012
39105825
39112019
39074661
39091153
39075145
39104448
39056221
39016038
39115189
39110211
39052312
39055873
39080994
39083893
39045296
39085159
39099743
39088626
39081394
39101901
39120679
39096217
39092621
39098623
39097914
39089956
39099343
39064111
39136946
39061950
39086330
39060231
39095148
39080897
39045849
39066159
39084497
39071387
39074868
39077978
39084740
39059622
39111898
39066590
39114484
39090636
39089148
39128553
39093837
39075952
39061764
39112075
39082194
39169154
39071146
39078852
39086518
39035694
39109324
39099895
39082400
39096858
39097583
39132309
39125453
39085472
39107506
39091095
39071985
39113562
39099368
39114724
39093362
39078965
39012499
39079485
39118592
39101012
39075559
39081744
39086150
39104206
39049065
39102448
39090511
39063830
39130942
39127023
39105483
39096282
39143167
39087488
39077670
39061593
39134096
39091226
39117719
39081207
39064212
39108694
39064746
39113969
39046748
39116232
39106748
39064877
39071456
39102630
39104346
39108979
39102305
39089247
39065235
39066880
39107203
39088782
39087928
39100562
39085158
39069029
39072921
39123372
39050997
39110626
39116801
39085177
39088364
39050233
39090706
39099194
39069270
39096926
39054213
39087856
39084119
39089674
39099917
39079737
39098845
39094176
39093222
39116172
39070006
39091629
39108269
39322089
39090319
39084180
39057296
39048453
39031075
39026027
39040817
39053324
39050500
39068396
39053581
39076587
39001202
39032121
39073295
39054609
39034140
39061346
39059791
39038705
39058310
39009595
39066578
39047586
39042617
39025837
39018264
39080265
39048299
39066954
39038751
39064652
39011556
39040523
39026981
39072010
39057631
39049911
39049272
39050323
39081066
39049939
39011322
39076252
39052418
39044380
39090400
39050158
39046427
39050922
39056446
39047659
39011741
39062626
39042904
39007987
39021489
39067060
39039163
39072836
39057215
39054461
39029424
39019468
39065937
39025048
39048860
39060939
39060256
39056243
39056517
39016998
39046071
39032920
39068442
39021566
39045153
39040619
39022039
39077119
39037109
39014895
39033651
39051434
39057366
39057871
39058905
39033052
39036585
39082983
39051131
39055081
39049389
39067770
39062890
39014877
39020175
39056922
39042987
39025401
39051153
39034920
39088295
39058026
39054976
39044882
39074732
39045603
39067616
39057988
39038259
39008977
39045999
39044194
39027267
39040766
39000537
39049885
39060462
39042525
39035679
39057857
39049732
39033964
39017771
39071588
39012804
39075359
39049538
39051621
39053841
39073783
39046747
38997603
39071369
39070339
39044838
39073107
39069134
39056770
39046734
39014315
39056058
39069117
39056791
39036221
39070315
39056596
39051763
39058954
39070719
39028489
39051860
39076046
39049383
39044766
39034617
39049189
39051364
39052542
39069246
39050341
39051626
39063645
39063528
39041885
39060715
39054588
39046023
39033373
39068534
39026618
39024344
39052739
39057017
39050153
39075148
39098563
39028422
39057145
39030749
39045545
39053338
39054990
39021195
39055639
39055173
39049227
39047870
39050432
39052434
39047468
39057692
39058909
39058958
39039368
39068927
39078805
39028927
39038742
39053710
39063505
39173965
39037824
39050698
39055664
39038243
39049905
39038343
39064538
39047493
39048357
39068738
39040557
39088611
39038240
39211918
39058424
39048624
39046799
39078304
39066910
39067305
39034276
39067200
39067056
39039548
39056641
39059059
39090244
39048655
39050359
39039712
39068524
39048025
39074932
39051279
39041001
39040572
39069675
39082961
39062000
39063386
39087461
39060245
39015911
39041840
39056178
39060877
39055375
39051402
38999270
39036686
39042225
39026423
39019173
39072078
39004557
39064315
39051441
39065675
39062410
39052010
39008301
39037616
39078187
39056379
39050987
39023513
39022484
39061285
39061132
39020917
39059173
39068112
39048755
39057245
39047067
39054476
39049344
39025613
39042544
39022062
39059641
39031183
39040881
39045879
39055045
39058473
39071195
39049519
39045685
39097920
39047065
39055760
39018557
39053099
39059388
39010559
39060048
39035707
39034740
39051336
39058917
39049512
39073363
39038947
39009556
39049461
39051348
39043179
39034589
39015258
39034851
39063279
39036033
39055987
39062596
39032563
39043014
39056177
39065287
39063654
39047204
39037544
39058172
39036849
39051598
39044572
39009583
39052697
39035654
39037490
39061281
39055340
39040702
39037190
39063167
39039894
39030526
39069421
39047838
39063980
39058107
39048639
39074911
39046814
39071159
39056398
39059850
39051463
39051308
39071515
39062256
39021528
39055969
39049583
39067327
39048601
39026723
39005904
39082774
39030843
39024579
39067528
39069778
39039895
39042612
39052723
39043896
39055204
39053285
39061932
39047039
39052033
39060771
39050328
39039337
39038138
39057259
39029833
39048439
39049203
39030783
39066179
39030008
39031892
39052450
39040064
39033303
39027472
39059799
39057431
39041800
39038001
39038663
39058803
39030467
39069895
39068734
39054866
39037286
39021855
39064656
39063980
39037567
39040047
39051433
39067752
39070888
39046202
39088599
39021567
39041861
39042460
39021545
38997983
39018190
39054508
39049071
39033999
39053856
39053368
39067383
39051204
39059818
39035509
39055509
39057673
39062529
39027703
39058038
39052786
39045539
39051559
39012339
39072597
39043553
39039692
39062013
39011988
39072980
39056977
39028996
39054982
39062515
39005119
39037090
39047418
39028873
39031604
39057888
39027058
39054346
39013767
39034645
39075064
39055446
39035254
39042962
39041774
39051640
39006380
39016652
39061980
39040385
39090465
39063841
39032420
39059657
39074046
39037194
39008278
39065681
39065253
39072763
39041563
39046512
38998045
39034925
39056952
39059259
39044412
39029775
39069048
39056698
39056268
39093731
39076092
39040991
39060897
39044857
39045642
39040566
39021309
39056280
39077263
39029873
39072425
39069148
39079185
39088455
39043702
39070006
39043972
39071197
39081369
39060553
39045951
39077707
39027624
39073411
39048145
39046979
39032134
39052347
39010288
39053812
39030626
39042979
39032174
38996341
39061574
39040432
39006446
39050106
39039792
39051157
39092542
39036887
39068654
39016221
39005269
39059810
39057282
39068023
39046534
39042276
39018367
39010136
39017832
39045307
39066504
39020224
39002361
39037172
39045991
39040215
39055812
39031816
39023684
39062411
39118838
39063186
39007640
39006035
39058109
39021474
39061263
38997759
38990915
39017733
39069889
39041042
39019647
39033254
39024834
39016699
39064890
39044014
39041719
39034867
39049488
39069271
39029850
39040210
39047455
39066728
39055268
39046368
39045485
39031221
39037780
39050652
39084921
39046115
39013768
39040170
39039551
39012165
39048034
39016916
39065623
39031688
39021876
39049609
39026174
39096002
39035072
39005340
39042974
39036231
39051064
39055123
39025753
39016322
39054585
39039383
39020603
39054206
39069826
39021737
39054092
39073334
39037112
39031060
39051569
39042189
39070507
39005693
39046319
39025940
39036943
39054876
39053338
39041825
39054766
39042533
39074018
39017630
39034501
39058124
39090237
39059300
39000848
39020048
39071865
39040727
39053550
39033788
39035071
39033080
39044746
39045115
39067058
39085189
39052593
39069736
39090377
39054226
39033933
39036369
39045354
38974292
39040172
39082954
39062906
39099320
39059029
39034131
39055276
39068436
39049295
39049951
39091675
39073454
39051065
39033554
39051106
39045593
39080910
39100595
39053081
39027574
39031134
39060038
39045807
39090848
39067662
39083766
39079926
39077171
39087376
39024492
39052270
39051419
39107993
39112266
39096735
39099821
39056970
39025937
39083238
39026937
39093023
39047261
39059042
39053784
39067341
39076560
39095573
39078818
39120523
38999607
39035919
39091495
39102564
39055497
39002509
39105610
39082937
39111036
39094920
39051952
39083390
39067894
39060219
39059070
39065563
39094425
39027192
39091984
39067107
39039632
39037970
39079794
39038048
39038689
39094962
39037768
39141641
39081431
39125734
39093938
39062930
39082885
39092890
39040918
39069046
39082491
39069362
39091642
39061335
39044520
39002888
39044785
39105181
39056956
39048928
39050331
39045961
39050634
39057356
39036075
39024826
39093500
39081169
39046089
39011126
39065951
39087414
39100937
39021239
39090443
39059132
39091343
38997846
38995142
39005040
39032370
39042640
39076187
39036353
39011322
39034955
39025451
39027404
39060906
39078351
39060522
39014929
39107076
39065529
39032448
39078009
39023430
39078154
39022607
39020817
39035679
39021025
39052155
39068041
39071382
39041324
39034397
39052766
39049076
39053482
39031402
39094951
39048270
39051688
39010293
39041476
39016019
39062831
39053440
39074024
39023770
39018129
39053987
39083072
39076008
39077474
39034386
39089660
39029866
39037453
39040459
39076226
39018239
39047494
39037262
39054999
39047613
39014767
39037239
39057765
39106662
39071980
39030814
39000848
39054851
39013301
39036340
39060045
39037621
39064552
39032638
39008258
39031678
39035919
39057665
39053025
39022721
39011323
39050669
39028825
39021044
39014754
39075464
39001174
39025838
39068456
39082589
39057113
39022485
39050552
39030409
39041004
39009708
39024423
39014130
39051606
39049547
39092189
39090514
39037814
39046628
39015604
39023562
39046413
39021560
39080898
39022159
39097421
39068095
39055494
39049639
39064461
39025909
39073309
39044121
39052922
39055716
39007908
39085668
39054585
39007624
39091722
39083904
39067886
39060391
39041639
39078762
39027642
39019015
39051611
39066671
39119980
39091032
39081563
39054900
39029954
39055155
39046002
39056766
39057056
39087583
39022584
39059841
39035896
39028940
39071793
39042501
39027784
39065296
39012163
39125434
39045329
39026138
39047041
39046632
39065603
39043961
39019116
39066827
39051371
39053201
39072829
39021239
39054466
39002401
39016094
39050615
39043305
39091728
39019318
39086720
39069070
39078891
39012428
39045893
39014774
39088551
39004516
39059085
39059400
39030181
39077536
39052506
39119410
39132310
39040948
39076938
39076921
39080945
39076874
39045741
39033421
39056863
39038872
39023110
39081185
39052875
39030186
39027783
39007529
39058585
39097374
39005568
39068479
39026372
39071215
39057441
39042557
39032603
39034574
39068660
38999613
39027772
39028631
39064753
39046891
39052278
39034546
39076729
39003320
39045961
39086221
39015872
39070390
39079682
39017381
39054514
39051614
39070379
39003589
39069398
39038849
39021253
39088998
39073299
39025312
39058925
39048070
39055412
39008875
39025261
39042803
39023621
39017997
39011597
39067765
39032033
39020038
39098854
39051188
39026168
39015233
39008807
39068856
39073377
39053826
39044609
39046989
39109742
39087307
39029990
39082309
39039090
39012134
39007420
39052803
39064223
39071306
39022315
39038968
39034721
39054086
39033172
39047834
39062825
39064166
39025836
39065813
39029053
39053593
39046599
39015012
39003769
39001571
39033088
39038506
39084716
39066997
39039172
39068900
39025227
39033848
39041502
39030690
39009645
39029177
39029111
39030285
39059605
39047363
39019556
39039301
39013789
39026326
39046704
39052850
39037223
39064980
39062841
39037945
39019055
39050078
39005669
39054136
39042051
39014678
39062217
39012199
39067775
38989213
39039414
38999404
39017484
39026434
39028060
39064095
39048697
39040565
39011567
39037952
39071638
39047246
39021873
39027891
39078821
39065880
39073772
39049587
39060407
39039771
39043880
39046140
39031019
39015354
39046193
39022242
39010981
39007154
39028303
39013520
39029704
39051330
39047241
39012645
39026480
39041875
39051064
39020882
39006523
39058882
39028027
39040851
39049899
39096488
39011995
39021273
39041346
38995502
39048124
39050850
39063243
39028485
39014560
39007424
39048078
39052423
39004623
39044254
39084851
39051981
39052528
39071684
39050067
38999082
39056466
39065987
39077669
39077295
39092048
39085117
39085701
39128827
39086838
39069129
39124021
39081266
39073492
39086448
39046638
39071912
39091476
39101739
39091047
39104873
39048138
39446369
39090201
39089402
39067007
39048472
39104640
39078719
39111354
39082347
39067492
39064952
39100276
39046322
39071844
39082562
39359935
39069684
39057953
39078871
39105877
39091078
39100717
39096988
39131151
39056517
39089647
39069581
39074009
39095369
39078233
39104653
39099817
39096794
39128192
39092778
39040388
39097490
39085187
39086276
39089796
39062941
39087681
39073026
39095467
39096188
39076600
39072628
39098064
39117841
39099636
39061762
39095220
39100649
39094631
39098841
39093936
39093164
39093456
39093600
39054123
39074921
39093973
39063739
39043167
39081612
39107959
39066376
39079137
39089306
39098988
39080896
39094546
39028415
39097442
39094687
39053348
39060856
39110873
39097781
39093487
39055689
39041665
39056377
39051826
39064317
39073329
39092061
39066130
39065935
39061468
39085029
39136248
39071592
39089070
39085712
39073130
39082155
39085571
39064403
39070918
39110627
39066030
39071970
39080661
39086023
39105102
39095653
39097925
39072668
39073950
39078965
39064487
39106191
39086727
39076243
39074957
39119557
39096558
39121188
39113946
39074423
39059971
39082773
39097637
39088344
39127043
39077433
39077345
39075927
39090687
39119686
39108690
39077805
39085760
39085771
39101252
39054254
39074188
39106181
39088327
39059018
39056043
39056662
39095564
39050521
39046413
39072947
39087350
39085019
39105825
39057929
39093582
39052030
39049690
39027955
39099039
39052175
39108467
39051711
39079191
39068392
39065263
39081708
39090884
39077672
39075811
39074369
39132446
39105554
39047971
39082381
39011138
39096945
39076735
39058364
39063800
39051828
39077501
39083865
39103327
39051163
39091386
39098414
39065945
39066944
39065412
39061447
39086275
39060220
39093863
39089943
39078467
39085819
39058143
39082619
39100433
39075231
39108679
39088884
39088278
39079059
39088216
39100148
39138490
39052119
39057917
39059138
39096744
39096000
39109335
39068293
39047834
39061624
39048861
39053870
39128612
39094404
39094334
39091621
39073755
39118642
39059517
39104516
39055982
39097260
39088461
39051256
39072884
39079856
39049364
39065124
39084959
39148915
39054454
39053321
39104983
39102076
39050927
39049725
39093269
39084156
39059721
39109166
39066684
39089953
39115525
39079962
39044959
39135896
39061095
39060785
39117367
39056512
39078944
39058227
39079050
39074677
39076438
39085886
39103345
39087875
39095210
39060799
39063850
39060490
39115840
39085051
39096563
39076004
39095576
39045631
39087942
39081935
39112702
39093339
39051688
39061195
39091363
39071728
39084212
39085336
39057944
39066269
39059678
39050881
39078586
39137182
39102910
39101619
39103152
39093896
39093360
39088419
39074161
39064215
39076848
39065045
39062050
39059083
39112465
39132853
39097311
39128744
39054504
39089550
39096465
39087823
39127889
39108521
39069829
39084189
39089800
39114835
39123794
39083054
39130443
39082678
39064063
39091993
39094424
39082977
39132055
39094353
39117466
39111046
39117568
39123758
39122342
39164291
39052222
39109903
39127692
39075836
39066167
39122198
39162509
39429516
39041507
39057977
39058193
39129218
39112297
39059145
39105183
39100106
39090818
39062749
39097001
39128388
39124478
39108456
39103586
39110150
39106061
39119822
39111687
39104493
39050966
39090924
39089184
39063963
39120622
39070121
39058597
39085015
39082609
39062034
39059365
39074883
39057663
39056976
39020522
39048190
39064471
39018901
39049866
39069825
39073361
39044748
39028067
39006562
39065922
39055896
39101332
39067839
39065214
39045015
39036078
39010582
39018791
39033699
39024241
39090232
39346042
39019447
39039140
39031624
39024466
39043015
39015222
39008087
39002827
39062904
39072329
39053653
39062781
39026586
39041223
39034461
39192547
39057995
39046490
39043016
39046315
39039272
39013452
39067325
39050724
39083527
39022186
39065238
39045775
39063573
39073271
39087467
39052840
39060772
39070436
39067775
39058860
39046357
39065201
39053335
39031139
39050170
39052611
39056727
39060861
39032890
39060537
39015761
39049419
39060719
39003769
39050330
39051209
39081784
39073615
39013845
39025537
39012467
39049590
39048602
39052700
39014281
39029367
39068932
39053698
39002587
39071612
39058629
39059683
39052499
39025686
39072438
39059075
39056880
38992109
39092113
39051862
39057434
39052025
39068147
39104157
39097354
39032610
39068685
39025585
39085265
39054640
39062187
39065391
39084764
39344455
39062932
39046602
38994296
39091753
39039762
39108561
39058150
39029558
39074153
39063960
39030954
39041432
39042801
39052002
39083492
39053907
39054642
39055729
39082281
39075377
39090206
39064999
39070450
39073398
39054261
39039938
39072536
39053144
39055137
39015006
39028943
39060717
39053533
39054798
39041635
39066640
39057739
39012386
39041441
39029673
39018339
39063514
39065824
39029501
39013364
39030853
39010309
39007321
39068510
39047348
39002713
39082123
39066437
39059396
39060354
39066127
39056274
39060658
39048985
39065121
39047260
39074592
39048527
39054039
39081751
39075858
39021937
39018256
39046566
39057638
39013278
39066748
39095764
39057334
39054943
39084993
39038129
39052232
39049059
39022557
39046229
39017818
39079549
39013469
39033791
39063804
39055786
39058820
39047769
39078309
39003880
39039786
39058970
39052260
39065978
39046571
39060728
39067925
39070283
39018413
39051987
39076520
39047978
39064601
39089253
39051638
39041859
39056699
39028398
39061138
39052496
39076398
39058536
39020322
39049540
39067658
39079975
39002742
39039827
39086684
38974612
39023590
39052844
39058772
39058960
39056664
39015313
39096658
39040650
39039702
39032272
39006860
39098267
39057545
39058461
39041898
39020036
39059318
39048832
39052394
39013819
39050017
39024959
39033442
39012084
39025143
39078193
39046813
39030997
39018016
39064091
39040495
39062065
39009759
39103683
39035009
39070936
39072092
39012409
39044007
39059565
39037521
39056454
39027360
39041163
39004577
39053495
39039689
38996164
39012973
39088725
39044924
39066364
39051865
39036714
39052375
39011160
39031469
39012542
39050997
39054535
39061654
39046888
39086100
39098731
39064939
39073906
39043550
39022210
39013075
39049005
39052324
39057459
39025448
39022540
39034026
39051439
39030592
39059788
39051936
39065874
39039498
38990974
39018994
39055314
39063888
39030302
39036463
39059025
39073458
39065548
39090658
39045118
39069891
39034866
39012660
39027528
39060779
39055664
39044342
39040110
39083209
39015816
39029136
39068297
39044222
39052092
39029165
39054719
39045756
39059990
39030762
39011731
39006536
39060566
39016486
39006427
39000317
39067115
39063506
39090147
39066637
39033114
39026316
39069205
39050371
39058784
39055042
39060583
39041857
39021577
39057457
39012703
39030396
39089750
39053184
39052574
39060026
39017219
39010294
39024928
39044100
39050817
39122426
39087619
39097272
39049697
39065096
39075820
39049276
39092442
39090721
39075424
39069273
39096302
39078781
39078593
39056773
39110488
39063452
39062541
39113316
39099421
39123234
39064265
39106017
39118945
39097147
39055824
39074159
39060442
39056266
39062498
39116538
39054499
39097949
39126218
39100216
39081112
39110111
39088686
39103339
39090077
39111442
39113572
39109448
39098730
39118114
39100294
39102161
39113106
39054701
39113863
39080842
39066796
39067113
39086594
39057278
39070314
39110840
39083573
39104015
39089447
39108769
39111070
39079431
39099284
39051575
39086135
39117673
39100548
39054307
39065466
39075821
39106100
39089607
39070950
39068366
39078322
39078561
39093454
39049136
39072396
39101700
39083943
39073798
39132332
39088092
39059739
39103187
39089301
39127572
39075907
39102125
39068747
39079502
39098081
39056282
39082542
39078492
39095143
39089796
39088404
39111200
39103058
39097940
39085682
39075534
39114949
39089721
39099853
39078860
39087168
39131531
39102371
39120499
39459304
39072321
39098869
39057601
39091825
39057762
39072987
39172517
39091636
39098135
39089236
39109876
39105389
39129101
39079233
39096654
39076466
39082274
39097362
39074688
39121436
39094930
39103904
39099427
39087790
39112606
39104997
39106104
39087589
39092259
39085847
39104530
39087512
39084479
39163336
39106120
39097852
39055660
39102448
39049149
39069918
39106529
39125135
39098461
39099781
39097448
39122581
39090483
39096024
39077804
39098172
39083025
39074186
39099174
39106735
39043034
39069150
39089580
39060048
39020578
39083720
39068522
39084096
39040489
39051189
39101863
39104626
39092087
39096592
39091267
39075491
39097751
39095138
39080180
39077834
39086686
39119383
39105810
39090003
39120713
39121549
39095472
39103092
39086587
39070543
39089260
39098320
39089049
39080849
39121794
39102274
39091195
39099534
39111810
39120215
39073796
39125107
39092491
39081758
39069844
39094615
39108225
39120119
39090578
39088350
39122758
39105626
39128064
39099411
39110588
39099212
39110806
39123072
39078938
39066415
39087886
39087902
39121164
39093558
39093427
39079925
39098411
39116471
39092542
39111255
39071417
39128034
39084101
39100715
39100467
39063101
39101734
39076297
39092902
39087258
39107548
39101145
39120923
39081951
39095538
39098334
39117196
39086447
39102798
39096747
39123591
39101392
39079266
39138713
39090814
39093286
39135233
39067056
39100552
39064324
39093874
39106429
39096360
39076200
39094236
39076393
39125686
39111378
39144802
39091471
39107218
39092325
39092784
39098306
39087861
39089486
39122229
39102027
39090213
39102040
39092313
39061952
39072489
39130961
39074125
39141994
39106741
39089933
39090357
39082831
39077665
39116966
39076552
39095796
39118143
39327934
39053757
39087733
39148326
39118758
39096788
39123068
39092528
39102602
39079555
39099176
39100921
39058638
39087223
39074512
39090101
39078242
39082050
39093043
39098570
39090425
39095348
39074642
39106194
39091421
39099510
39102285
39094077
39095143
39115880
39109016
39083789
39111241
39114712
39102577
39109674
39113985
39093126
39084619
39103313
39128324
38995840
39113701
39091450
39095008
39109202
39102004
39094508
39088897
39071676
39103476
39073362
39068194
39103152
39077904
39067933
39081323
39096725
39068382
39080195
39102125
39110372
39112720
39099406
39089477
39073554
39081299
39096231
39146599
39065993
39098614
39072465
39130115
39105964
39093641
39090627
39095134
39105166
39094140
39073748
39124165
39076354
39086570
39097676
39127432
39087891
39052898
39097870
39102899
39117375
39208042
39104713
39072482
39074112
39076812
39105509
39050667
39077261
39074347
39105514
39096328
39086445
39095505
39104468
39085006
39094244
39072970
39122842
39091623
39102339
39080429
39082748
39072235
39105710
39141150
39103285
39104830
39093211
39104035
39133291
39099492
39075072
39101919
39095231
39061098
39123371
39082701
39087057
39106826
39103466
39108328
39093607
39090984
39095912
39071435
39110421
39095356
39108341
39087710
39057985
39148955
39083818
39091128
39095561
39098337
39057036
39093305
39071482
39113932
39110141
39075663
39081064
39101295
39101152
39075291
39084939
39091583
39129033
39116656
39076494
39086473
39068092
39093659
39120259
39099193
39085362
39100792
39455964
39099844
39098289
39107859
39061448
39038979
39109173
39118550
39097360
39078056
39044245
39087742
39074611
39120655
39094694
39093628
39108828
39065476
39099162
39074207
39085424
39102196
39102455
39089120
39085533
39106075
39088727
39046825
39109432
39083483
39080628
39124261
39098435
39078735
39090879
39055553
39102121
39069566
39051337
39071829
39179726
39097137
39098796
39108563
39092292
39045111
39066246
39072694
39016030
39123778
39084781
39074164
39095046
39065473
39104010
39078055
39100195
39061136
39072801
39107040
39060914
39101112
39056393
39088249
39113891
39110429
39138425
39076256
39064641
39063045
39110164
39094044
39090139
39108192
39102595
39093084
39088223
39100992
39105610
39106986
39064615
39094818
39093311
39097771
39076682
39100661
39050358
39086015
39105024
39074195
39080868
39070791
39099108
39064808
39095357
39112044
39142861
