59600803
59973950
60381410
60139987
59989141
59636342
59789259
59830651
59973972
60458877
59483944
59673977
60145860
59874410
59696702
62261882
60218421
59816511
59800168
59458515
59784728
60159997
59987764
59982541
60337202
59987046
60217864
59919917
62620082
59928397
60150995
60290166
59965475
60122819
59972958
60170596
59894561
60060635
59935770
60007030
59912011
60065974
59923601
59998642
59763624
59648471
59997204
59985941
60737482
60847204
59963026
60002239
60344350
59797817
59911961
59840848
59976824
61554887
59982674
59811535
60101376
60557894
63322129
60154721
59595392
59991470
61591343
59894269
60005209
59867658
59972864
59881031
60585191
59977510
59781890
60022065
59942810
59570986
60091059
59539511
62066339
59984285
59993529
60789206
59552121
60689798
60571536
60032698
60123473
59644479
59968013
59892598
60131833
59913530
59586800
59972554
61007563
59797492
60540403
60151378
59898549
59959400
60786602
59879680
60191364
59632994
59840111
59958101
59775857
59806637
59581728
60010091
59857646
60731441
60800245
61132552
59649690
60091324
59936947
59627122
59598899
60070099
59939810
59980433
59797457
60215668
59747267
59923662
60400608
59444135
60819831
59953908
60133649
59946283
59604859
59806370
59982321
60852358
59958442
59746242
60981580
60209073
60154163
60158934
59614857
59976891
59934633
61053185
59795205
59462658
59850793
59808349
59982686
60042175
59455120
59947792
59807805
59795048
60010577
59514179
60816340
59957838
60873512
59624796
59681859
60113042
60863161
59919281
60037490
67212793
59809170
60040747
60002240
59645835
59373887
59960135
59713705
60830946
59614744
60556270
59940343
60159065
59841214
59286735
60179859
59880653
60885378
59341786
60108385
59895025
59907091
60002438
59806090
59346153
60163131
220941215
338741153
59466432
111575046
59548501
60127982
59839639
59380065
406656892
466653269
59714658
59713885
59784187
285633018
61043809
60181266
197044183
59459178
59922577
59417223
67463124
59962545
59939865
59966884
311635641
76629796
59486489
217366188
60188847
278845385
72541266
60156794
208320476
58622760
61031620
59031212
59584896
78571346
60249728
58602440
315282708
58547957
86238186
60314536
60302412
269984817
60621991
59293419
190891730
59247134
60058650
59668299
60498770
104283092
59618191
76681861
274162856
60106084
60152478
200477414
59568790
59635954
229613944
59551607
86006864
198844827
82333430
60309300
142014080
64707137
59499137
211636732
59746405
59473344
133853262
59733586
59214240
189158084
60728297
61157997
131082843
59645815
59573439
217628728
59459254
59436224
156376589
76438199
59797674
59435994
59857554
59462100
128700710
78744602
59905770
178665138
77201097
59804681
131685744
59631376
59417558
204492059
59601881
59558573
159926997
59941180
88109745
60502898
59682025
59409365
59533998
386617353
146709238
59888043
59625686
86872243
58780963
58160535
143655406
59427693
73229675
247135321
59864683
59636157
134696558
59577562
60336429
192833279
59811298
59586368
135721407
61284836
59615518
105204024
211953331
59947471
59626123
130189536
59743060
60108012
223742169
59247125
60152335
95620735
59865610
59490308
60938369
59387409
59509808
129115469
59622775
60294689
85436985
59312776
59413612
157269720
60455974
81767198
451356882
361949094
60112651
60651030
59798775
60261036
104019101
60120442
59634356
60308957
161839653
87629976
59344259
158541387
59255718
59727949
174049659
59502777
60504676
120657671
59081424
59567754
201592034
59257780
59375328
133592500
59596887
60754565
219954585
59675672
60210020
156186544
76791464
59388568
62529465
58375587
113483750
59681702
59455978
85949166
59367254
60865217
130069579
58447688
59274786
78152081
59563112
59869740
480243404
60137475
59401218
199815437
60166992
59785680
132081805
60349169
59483016
213057040
59630754
59702485
93093430
60131424
59456936
64342646
59447699
59495730
135385997
59616125
60156041
85374852
59371360
59580340
143323516
85029909
74949764
59743776
59579678
85739586
126189290
60335862
78197844
59779457
59291616
78850216
133417950
59289943
59254990
59291177
60031793
60550333
147335932
65401662
96080307
200464966
59267234
59341037
58576610
411753151
120257619
59588083
82645786
65982937
59497594
59604179
59283324
133068435
59126250
58934798
253191648
76519176
60150897
129878196
59842509
74690634
210207069
78615410
59493529
130669843
83326388
59622785
188758523
59970980
59951569
130527704
60397229
59291775
59249900
59483538
59468299
59452636
59247565
59982457
59415774
59563482
59835339
59405773
61539798
59839256
59605336
60145728
59930328
59809213
66441203
59608905
72651610
59738345
60237045
59965259
60554099
60124444
59829227
59979622
59772114
60810677
59966807
59601543
59944098
59869486
59936466
59626640
60031841
60321559
60344053
66169379
59784063
60080398
59829352
60598929
59926044
61127166
59354714
59748451
59793624
59990123
59961777
59964595
61607133
59817673
59818469
59618549
59855793
59929840
60179501
65468161
59933187
60141970
58918790
59980418
59785382
59662571
58594479
60161522
60550999
59954966
59983553
59266234
60165068
60322879
61287626
59781984
59838559
59972535
59801980
60153497
60177481
59804158
59821592
60323977
61677663
59786678
59928568
59804916
59910671
61589115
59625782
59981042
59611001
59909116
59953995
59959065
60006508
59870285
59788844
59973280
59919242
59998558
59807221
60535262
59838414
60298931
59919067
60989960
59944323
59152264
59614049
151076693
59902941
73380526
85155289
60019217
61358869
126429651
94900159
60123107
114316452
433237414
194002143
89226585
69245883
273905370
77714809
64650126
64716417
88884821
63634746
63371267
72429046
70207038
83389438
70810161
68526889
62406271
108694853
60012035
60001661
60019469
59987270
60160507
60128801
60700083
59785453
59801431
59777328
59964394
59799066
60049238
59963496
60148442
60163302
59969808
59993567
60467811
59962417
60678389
59978128
60235992
60966881
60028347
59096169
60170681
60293175
59921911
60133717
59983335
60021125
60072179
59850609
60128083
59980925
59853940
60124359
60161686
59681060
59829176
60062999
60328989
60218205
60280779
61021311
60162964
59874036
59948052
59817733
60021129
60142582
59438433
59812358
59799627
59790033
59822202
59974266
59944596
60146156
60559623
62703553
59892158
60103970
60172451
60259639
60104306
59954229
60305733
59843711
59975750
60228355
59994312
59952600
59587525
59976808
60328474
60029136
60145810
60317270
60127915
60314647
59760750
59832876
59802370
61521320
60114907
60366475
59974039
59787051
59784970
59905217
59100894
60222318
60535218
59896627
60053526
59601779
59772803
60306291
60327886
59902255
62782089
59857922
59924396
59485651
60137533
59847304
59997373
62092279
59802752
60853798
59819058
59997654
59963809
59809568
59972821
59951429
59976602
60528375
59982842
60047501
60183939
59796984
59909765
59828669
59851972
59939859
60539036
59639594
60317415
60776850
59782956
59848671
59990831
61389850
59822315
59803707
59620284
59971110
59969052
59947023
59900436
59447255
64474110
60862196
59800195
59863659
59773547
60143731
60321585
59927740
59988734
59744006
59890714
59993625
60246470
60912984
59614841
60488642
59810179
59948737
60746128
59469282
59994301
59914703
59926235
59973703
59615483
59718061
59792718
59843330
59977158
59901460
60616081
59810488
59489774
59942555
59980819
60968935
59665822
59275498
59990574
60273240
59861963
60501595
60190014
59650824
60131447
60021401
59731968
60223562
59811007
59849781
60165459
60152595
62025838
60429607
59607088
60508741
59956088
59870689
59950710
60107456
60004262
60192918
59374420
59994626
59788064
59821156
59797766
60525599
60013663
64906972
60613562
60425829
59887674
60508159
59774692
59732256
60047257
58914907
59920371
59929095
59655080
59554943
60164282
60487141
60335744
60608405
60275804
58122658
60195290
59410745
62522734
59965414
61551673
59928409
60013707
59613389
60002444
59792433
59909761
60044195
59476961
59998175
60095117
59867849
59248822
60116103
59973820
59834388
60458814
59867477
59770612
60472709
60312718
60194667
60986855
59518776
60043946
60153216
60011267
59815090
59425361
60145592
59964722
60057172
60323093
62771739
59947844
59963555
59809955
60293453
60371729
59996538
59823410
60335857
59968051
59764204
60334326
59965672
61283255
60136020
59466394
60009023
60303250
59674369
59788681
59506252
59916643
60042885
60303004
60624115
59952370
61208034
59533712
59762692
59897292
59886769
60133973
61012261
59610981
59809832
59983867
59825016
59782233
60183091
59620409
71069400
59824181
59783896
60865633
59699313
61269236
59833621
60185419
61094815
60015388
59926402
59933746
59821882
59871617
60769972
60127949
60112054
59831566
59542857
60571576
59290868
59975987
59983407
60149302
59858251
59936411
59934684
59863671
59570573
60067518
60156550
59628215
60332720
59937170
60501237
59820599
60150929
59822625
59873640
59380906
59986971
59900827
60077665
60348365
59959495
59982655
59614379
59576661
59778812
61808979
59807329
59714896
59652877
60136491
60142264
60020069
60162009
65261766
59962406
59656620
59913881
59872531
59927023
60028061
60073312
59977585
60560457
59274208
59361113
60164791
62952012
59991841
59649381
60001056
59573654
59990561
59988027
59764648
59899897
59780179
59951633
59945559
59922615
60640737
60169602
59830948
59775809
59911108
59965851
61547744
59894982
64943039
61024189
60279942
59983152
59803914
60106945
59810682
59621744
59990985
59954830
59813671
59437475
59935780
59732931
59940296
59969867
59496240
59803594
59798487
59944141
59990278
60391114
59799239
60117637
59793489
61241650
59378106
59849510
60020574
59913538
59915143
59468847
59897480
59811782
60126542
59881873
59307704
59794159
60017278
60000685
59922205
59934060
59925075
59436793
59926461
59542812
59881480
59977420
60690694
59945333
60034974
60964996
59951526
61052354
60048012
60632059
60110297
60026278
59922660
60109772
60085259
59576583
59482158
59947188
59974552
59925951
59621272
59939292
60118374
60018471
59813779
59436370
60163515
60170451
60135092
59987898
59540222
59837136
59638115
59644223
60142078
59683501
61879428
59466219
59931291
63181563
59743262
60035084
60034705
62808074
59419857
59992767
60060771
60184740
60127661
60304971
61005654
60012857
60156483
59940040
59992434
60360607
59948401
60028056
60193984
60036882
59918223
59587510
59483985
60038543
60007865
59961870
59564075
60324564
60312454
59975654
60529811
59498163
59919610
59937712
59980888
59944350
60151327
59729567
59982953
59938630
59567433
59967738
60070418
59794641
60442664
59963362
60090196
60327917
59908410
59747998
60019176
59711682
59834174
58924288
59919955
59746890
59982825
62081581
59968117
59716887
59833185
60249040
59782457
60007222
59561427
59959390
60108838
60505487
59988744
59656482
60361673
59819827
59918275
59965168
58398549
59925535
60438389
59994576
59874942
59812046
59760851
59935050
59967600
59967831
60034741
59381711
59820925
58910185
59809036
59608348
59966283
58752989
64972718
60333054
60122254
59961527
60119421
59663632
60029585
59991330
59954274
60345904
63112861
60133150
59508894
59622132
59991174
59595537
60128739
60023444
59653184
60017756
60120439
59638202
59897623
60054812
59961806
59686589
60026410
59910962
60126843
60131124
59515516
58872262
59796113
60059553
60075848
59751676
59928021
59900064
59911623
59642191
59595165
60050120
59902978
59617635
59847904
61906549
60639221
60002217
59826613
60861079
59968312
60875533
60257691
60419468
60031200
60199325
60169205
60824737
59913983
59985776
59717786
59944193
59990539
60164472
60106298
59504550
60147916
59956037
60205536
59972706
59625512
60504786
60296759
59964449
59970883
59603659
59961471
60326983
59838674
60098814
59857747
60156110
60133306
59961519
59991669
59692947
60097338
59962672
60169549
63261520
60369679
59957963
60123754
59978703
59615839
59954690
59882426
60222843
59982184
60195566
60098096
60107324
59539412
60091495
60982926
59993832
61016036
59978887
60977029
60309595
60176515
59960605
60773191
59385740
60263555
59776713
59975802
60044233
60200450
60283484
59813368
60002340
59121730
59439126
59967730
60664855
59979955
60038361
60713333
59971536
59905175
62073857
59839692
60107941
59986711
60200744
59963884
59990422
59766528
59962343
60219436
59980107
60512049
60834864
59897019
60183705
59849680
59566860
60100187
59979795
60768597
59637573
60009175
60184316
59966627
60134022
59691156
60871943
59950562
60007515
59575509
60177509
59996712
60010967
60119657
60837352
59997605
60122055
59962735
59518233
59967582
59976281
63727541
59996073
59615391
59968886
59976160
59817802
59952451
59661923
60005076
60607961
60014671
61680799
59619273
60100797
59997992
59956159
59983925
59633407
60016919
60013321
59658356
59991907
59403595
59930366
60085548
62091949
60191951
59858242
60006242
60269144
59757833
59986832
59974520
60084420
60284710
59865125
60022987
59610789
60340474
59921488
59949405
60862854
59497632
59981569
60120496
60123275
59806041
59605807
61350549
60153750
59923553
60619363
59988121
60678188
59948104
59973281
60010996
59989525
60011512
60325648
60004328
60093875
59442496
60936374
60075017
59889360
59073857
59402224
61590147
59982376
60617731
60031343
59975511
59899301
65912621
60133300
60153283
60303139
60103355
60609548
60682190
60000908
60507099
60041547
59979509
59556051
59444214
60029164
59957609
60013900
59615349
59873064
59879779
60136921
59970411
59931359
59885272
59956858
59963016
59948411
60313944
59948545
59993608
60059935
61079377
60241589
59991471
60805814
60024667
59967865
59602768
59981682
60244158
59749721
59930291
59726039
59995997
60200522
58823050
59957181
59592719
64285116
60140578
60047645
59965789
59493584
59580258
60009781
61202992
59433745
59958080
59917789
60163549
59377651
60370861
59422487
60026219
60031443
60693621
59429212
59634574
60134204
59927246
60092363
59501246
60552000
60114004
59957020
60046091
59931021
60347235
59685580
59720801
60184143
59574503
60020748
60517245
61560078
60720510
60663372
60062493
59743999
60124472
60026673
60232076
59841838
59454632
60139235
59924144
59793913
59895932
59367934
60008665
59655520
59969494
66287376
59469189
60286262
59931858
60195916
59984421
59595251
59928971
60331070
61734672
59931651
59624650
60179633
59931265
60295244
60196079
59606693
59914180
59982851
59789749
59884955
63998665
60103387
59706541
59819697
59741375
59518612
75796308
59967091
59866249
60043501
59802254
59950157
59848939
60656405
60878565
59980891
59980604
59999810
60129348
60021111
63626501
60320678
60014905
60050839
59974002
59814859
60686522
59787235
59800838
59780620
59983551
60074905
59849272
59929455
60258959
59460150
60167312
59897672
60131902
60307718
60767710
60271758
59959915
60301955
60202477
61138823
58551838
60873153
59635291
60127471
59517246
60490656
60111211
60652724
59425330
62704815
59934330
59865610
59280208
60070497
59992353
60006958
59883480
59455577
60673250
60088744
60131264
59907818
59816724
60060219
60019245
59953527
59815256
59575492
60115349
59575742
59952951
60668329
59456801
59963929
61339476
59966638
60364516
59438576
60160461
60629625
59728468
60274417
59620754
60218967
62199936
59980718
59804641
59761390
59970879
59679537
60194320
64407110
59551884
60752924
59917014
59982582
60014556
60478708
60068454
60798305
59840756
59963403
59969300
60503144
59843164
59941197
59862614
60214029
59663055
59358678
60263493
60006149
59854418
59882649
59457258
60173228
60845251
60307835
59959129
60834659
59912226
58977784
60361832
59998902
59986944
59878912
64693660
59825646
60610027
61025016
60027066
59409031
61182834
60154413
59987629
60326444
60561666
59948152
60318224
59708371
59906705
60490077
59921957
61757376
60126507
59373717
60054706
60476746
59914119
59548091
59865688
59696802
79486208
59916706
59943870
59840901
59808876
60075485
59783126
62091765
60281627
59903251
61187824
60414679
60166545
61458806
66035667
59733032
60151181
59077965
60384145
59678406
59973416
60036579
60211084
60777196
60034829
59967287
59879300
59928533
62341954
59913171
59593389
59957593
60321794
228965792
60336580
60060773
60806009
89574452
59561310
59928581
59433396
59987202
60025490
60652198
59983588
59931054
60210840
59608094
60312375
60177242
59620174
60140407
60264029
59956123
60014122
59914112
59739657
59924900
58316898
59798022
59808482
60741038
60477422
60372965
59740370
61175102
60659856
61657490
59781745
59813156
59961383
60653513
60059725
60078685
59984127
60023743
59947919
59940301
59608919
62304522
59980099
60114411
59805510
59568631
60098164
60102819
60247279
60004008
59614573
59976723
59814116
59818336
60114794
62498547
60670886
61033361
59440789
59956792
59796482
59795920
60645894
60009296
59984615
59822790
59785084
59985849
60470595
60025059
60513745
59841468
60506070
59879410
60787031
60552051
60043284
60645130
60338840
59801682
61321705
60109076
59676973
59760305
60109181
59874904
59953253
60351212
60528544
59995528
60016251
60002505
60144304
59945194
59966696
59364574
60463799
59626384
59980892
59743201
61173738
59953461
59901783
60012669
59845623
60134729
60349444
59844066
60034853
59796884
59628904
59913464
60665236
59846122
59797283
59794184
59668104
59973017
60369320
59979131
59379593
59932518
60491893
60255132
60253748
60141303
59771907
59930585
59987013
59738460
59314620
60013416
63107252
60029710
60149276
59285850
59795630
59960056
59813008
63074870
59310912
59892636
60336478
59859258
60274286
60121987
59809706
60503624
59805094
59995906
59988758
60324036
59917946
62333904
59860490
59851460
59802485
60355886
60133207
60136379
59543633
59850957
59799971
60059641
60245594
59335270
60805254
59987789
62128354
61015075
59605647
60158462
59947020
281139515
60097980
60093602
59796268
59964600
60232385
59592640
59946678
59833941
59966373
60637094
59558482
60172081
60146912
60716475
60336370
59661943
59445421
61525424
59968102
60178792
59613167
59859313
60648564
59486226
59942713
60516535
59992194
62866530
60063515
60321570
59500250
59729830
59825507
59994351
59645270
60525751
59669726
60046527
59719943
60085109
59626254
65335642
59981158
59924206
60684038
60141665
59853563
60624756
59793460
59859931
59795727
59617112
60108888
59994514
59975297
60537669
59945034
60378005
60111963
60512684
59815368
60685885
60033338
59940858
60011948
60668301
60227922
60270460
60626950
59933811
60145769
60317205
60255200
60669993
60269691
60653291
59732934
59788604
60168700
59864948
59953770
60728476
59828389
59834882
59956147
59949038
59966408
59937934
59967477
59992104
60986078
59904871
60360995
59968008
59512889
60171454
59650317
59957791
59847385
60090569
60153224
59512487
60306455
59960772
60124854
60533270
59575440
60231053
60189907
60018934
59846033
59794591
60316302
59990236
58751756
58949569
59595829
60081329
60058766
60165650
60022308
63377519
59803075
60105012
59822717
59979045
59964500
59785445
59970091
60888588
59978500
60122090
59616879
59950602
60324022
59843534
59536541
59835122
60335488
59804100
60138913
60574177
59591410
60006096
59939694
60057981
60124774
59824527
59985962
60142308
59954637
59957167
59661034
60275097
59103485
60004268
59699356
59820787
59951825
59964246
60029558
59996125
59646014
60024442
60069946
59987524
59975522
60112091
59985631
60102543
59945261
61351483
60246219
59934958
60089779
61894778
59793996
60250199
60015787
59987257
60012465
60010828
59969642
59433380
60032259
60091926
59785610
60122485
59658296
60337339
60053703
60235225
59911762
60160884
60983392
60150183
59982646
60028597
59796550
59758069
59776134
59961974
64853119
59964691
60169954
60408015
60666679
60032227
61500184
60004330
59879470
60049216
60023298
60357046
60196077
61923925
59938152
59965757
59963622
59915567
59948011
60402759
59966210
60121098
60072617
60361867
59954660
60187490
60076135
59944732
59621218
59964914
59927935
60051013
59648079
62242273
59939583
59953626
59987893
60828597
60073502
59954841
60178629
59980809
59709786
59985220
59636633
59875061
59763157
60135331
60088800
59916899
60123640
59968314
59985028
59999114
59768297
60095780
60098152
60035988
60041179
59941666
60009667
60013729
59788951
60914030
59961230
59348342
60066087
60108329
59997135
59922939
59970251
59608355
61944052
60007694
60028529
60011079
59917397
59959785
59978653
59937454
60197802
59873219
60174736
60172862
59992969
59942208
60763583
59835226
60488357
59203340
62080219
59501632
60303345
60151953
59463755
59961155
60156400
62952559
59962899
59444248
59914078
59998329
59934417
59826837
60972468
59952996
60363709
60013697
59993701
59653211
60535801
60129977
60079183
60022861
59607980
59592732
59950286
59960624
59613890
59609469
60018086
59997934
60169449
60105467
59782739
61361768
59968790
59707023
59737631
59443285
59997022
59928555
60007764
60066684
59636265
59568726
59824182
59934464
60354580
60497949
59608986
59975132
60145830
60454885
59984132
59860237
58014715
60020286
60747912
61900380
59802096
60705256
60056769
60046502
60111115
59768628
59413080
59980696
59980557
59936750
60323222
59854699
60131970
61916420
60044185
59913266
59715369
59952718
59976990
59863160
59971967
59984189
60147017
60096029
59524602
59847821
59785857
60114748
60431027
59961090
59499591
60680342
59989492
60002772
65456060
59862218
59955871
59929264
60367934
59708416
60365914
60026546
60185875
59963983
59578698
59589729
59991550
59780645
60155296
59952958
59416120
62427318
60336226
62106859
59697686
59961219
59977774
60231190
59654338
59947147
61443271
59786257
59490708
60172183
60019907
58825345
59780775
59922773
59967960
60193506
60192207
59967816
60669906
59890435
59390235
59968052
59924829
59842350
60504093
60000804
59135535
60003224
60168666
59987375
60001279
59501856
60019508
60029874
59928329
60169771
59738941
59509276
60122629
60143403
59982070
59978699
60021029
59821732
60200191
60192188
60021815
59789272
59238086
59972543
59445997
60010849
60330282
59685174
61212620
59882463
59944453
59975156
59616633
60269581
59876371
60131780
60105787
59474555
59947901
59430532
60146459
60163399
59768942
60966294
60138448
62975169
59951967
60503819
60143406
59747482
59908434
60133568
59750689
60154130
60006905
60086015
61023477
59646524
60040985
59974691
59789430
60127921
59362229
61500415
60091967
60478257
59962598
59595284
59368200
60045632
59938689
59482538
59805504
60752155
60580733
59725107
59948577
59593972
59976970
60013808
60810175
59975438
60170158
59906947
59417472
60233784
59951997
60310562
60717262
59932474
59915654
59949657
59980373
60279142
59945073
60603980
59960633
59886001
59979749
60041838
59956116
60017469
62755603
59427653
60084679
63013907
59691746
59796711
60159476
59582978
59913253
59970051
60022834
60546674
59940338
60941324
59975017
59971540
60020800
59669047
60766807
60093884
59496541
59973703
60068240
59843521
60061707
61253973
59839023
60084350
59987433
60846425
59959968
59904519
60293094
59943238
60500435
59767879
60217214
102877678
59981236
60054499
59953224
59875517
59963308
60130160
60044057
61590188
60076135
60243854
60099197
60144092
60016233
60174148
60942424
60116485
59947123
60158688
60312205
59980058
60134937
60020873
59920228
59644416
60289479
65257467
59788752
60333960
59941789
59468730
59905558
59953571
60178375
59823033
60010965
60341455
59999962
60317148
59989293
61253299
60246215
60196617
60342101
60210531
60016129
60307455
60670048
60131608
60742715
59990142
59644873
60506189
60480473
59630333
59797525
59988324
59848566
60372474
60260428
59585541
59265500
59837898
60692347
59569335
60154483
61383325
59826228
59898578
59662026
60657424
59876013
60158331
60017543
59624962
60152586
60012899
59985009
59869862
59810210
60417701
60178424
60114206
59956410
61191894
59864197
59799951
59968752
59974308
59823550
61526019
60498169
60093637
59976000
60876113
59607131
60506367
60199974
60691184
59468973
60453304
60106427
59376840
60070345
59529780
60041597
59945034
59888319
60005104
59636965
60124861
59975922
60046586
60521811
60436470
60157325
60694619
60140503
60874845
59974454
61086437
59667880
60153253
59736742
59993346
59997180
59952546
60328458
59988145
60039331
59929692
60546331
59795851
60005529
59976883
59864416
60148013
59679216
60907786
59987918
59895841
60987318
59968196
60009089
60186851
60151222
58912446
60097315
59966064
60218121
60160724
61861392
59742911
60393940
59800875
60318518
60651058
59959689
60013973
59657428
60796954
59985562
60999475
59967028
60772706
60309151
61073377
60013371
59946477
59691058
60130785
60244886
60000903
59726474
60025613
60516899
59961361
59671197
59486808
59975003
59603423
60013042
59816305
60139408
60331607
59909718
60035468
60358497
59994211
59973438
60023036
59904641
59924759
60563788
59975581
64588167
59945768
59783108
60219591
59952673
60026554
59114989
60003278
60279592
60388246
61046220
60101682
60876366
59815698
60938295
59976567
59833327
60158583
59984706
59995041
59351003
59965332
60238442
58439434
59923480
59934524
60499912
59962476
59612400
60198185
59899535
60026169
60192944
59668301
59793997
60051739
59979838
63794785
59830956
59964404
60071163
60365117
59941617
62126365
59926179
59977755
59964728
60016234
59677851
60137592
60677700
59976994
60620437
59468165
60688609
59974978
60924019
60003033
59742828
59983170
59999832
59412343
59633036
59265788
59790191
63135208
59976864
59970547
59591845
61368539
59816234
60101376
60307815
59531309
60061331
59992789
60021907
60477978
59940193
60218863
59982831
61193531
60151595
59502270
60804068
59929968
59983839
59981632
59571325
59837179
59928847
59434817
59975935
59591189
59926835
60120225
60482845
60128917
60138391
59980813
61005935
59834194
60149965
59967394
60376683
59940829
60369336
59963262
60138761
59981620
60699179
59960209
60063708
60983944
59981521
59832018
59995777
60148936
60021596
60144462
59589637
60043247
59913955
60020295
59924642
60277826
59994967
60185848
59872799
60100885
60156592
59964080
60344184
59831965
59639478
60500649
59948505
60020624
60057636
60147620
59775830
59930750
60431878
59876889
59889891
59917868
59777551
59814848
59989059
60197041
60005955
59998244
59976188
59922642
60907712
59549849
60670679
60204015
61728137
59920916
60542552
59975326
59957983
59932267
59854237
60654379
59825054
61031649
60016595
60670431
60014220
60663766
59972435
60906948
59981894
61403745
59555376
60466452
59996935
59969313
60086457
59615279
60137511
59820770
59921436
60669900
59773176
59756255
60496675
60320302
59431773
60001871
61295333
59909861
59942612
59777752
60547045
59389968
61183285
60020943
60159969
59984274
59493880
59999526
59951446
60235248
59994417
59621397
59997540
59777924
59176541
59849091
59569698
60238570
60290551
59951912
59822579
59470579
60028242
59987460
59917197
59750056
61507487
59976559
59583058
59943141
60013673
59593608
59517187
60447584
59772811
60659044
59493531
59858528
60846625
60323418
60837842
59299903
60025816
59969405
59982188
59963224
59458287
60528943
59864045
59929970
61665375
59624851
59957169
59956755
61723877
59579578
59625142
60107008
60667283
59962918
60116932
60020205
59666099
59955853
59860332
60053504
59639964
59647569
60099998
60338903
60128402
61007627
60034691
59790785
59768310
60271059
59966124
59804508
60395794
61293500
59904858
59990307
59481649
59977001
60116329
60858328
60912157
59661191
59847341
60109404
60146350
59995559
59404113
59969204
58686743
60400941
60494448
59796312
59807017
60038950
60360248
60339898
59439411
60679559
60336804
60680477
59312903
59293698
59765969
61199222
59990506
59768796
59998024
60116141
59895723
60091952
59863191
60099223
60200912
59963428
59789663
59699221
60034203
59286411
59716126
60070204
59974236
59978456
59821195
59281843
60561053
59273417
59886955
59637024
60041144
60828400
59218227
60523056
60915187
59858407
59147373
59799884
60164759
59954391
59974629
60039788
62346284
59714791
61202783
325635098
59793000
59327021
59593327
59565896
59978636
61193685
59589099
60089565
60676126
59958482
60275750
59697997
59981773
60771137
59693893
60183781
59464087
60453401
59609889
59923616
62643677
59445364
60082475
59914615
60096022
60543914
59931263
59709389
59949136
59979362
59985951
59972797
60150933
59967622
60008215
59999496
59932668
60177197
60516488
59977950
61004970
60043456
59149635
59982710
60178939
59607177
60182041
59709811
61273659
59948942
60323338
59990837
60172669
60215872
60026572
60026152
59748447
60102222
60138833
60205235
60024336
60042526
60160280
60151557
60023394
60688988
59952556
60186692
59420445
59913561
60020768
60419642
59899094
60163444
59973502
59735713
59733468
60167802
59972866
59839748
60105556
59418363
60123259
59904987
59960646
59847307
59645965
59802080
60688382
59617948
60063890
59567662
59922332
60642604
59660415
59961793
60171436
59498615
60422989
59894659
60776842
59941180
59350252
59956770
59766666
59858893
59976782
60108824
59719625
60366828
60267003
59977345
60110550
59960678
59428703
60322871
60379485
59792236
59926052
59806510
59967986
59946783
60451107
59808336
61721734
59950234
60325095
59502728
59962530
59802577
60917360
59655875
59410786
59378040
59977487
60147763
59927797
59502042
61994746
59867765
60097591
60006411
59610300
59987101
60071252
59995054
59966289
59593865
60144941
59870704
60332612
59946708
59410079
60199536
60138709
60000836
59957974
59523553
59985999
59339309
60135197
59975453
59287260
60133266
60028972
60731192
59955007
62158072
59891385
60162320
59820309
60032026
59398262
59835252
59983734
60157390
60144168
59705494
59958663
60109749
60126305
59955560
59457006
59973434
60885259
59935430
59823043
59640897
59925546
59848096
59964522
60305423
59451465
60109616
59956441
60033761
59756560
59263549
59949387
59958945
60340540
60153201
66292639
59818223
59443650
59639080
59964603
59798745
60324464
59967035
59986336
59988223
59596930
60138316
59989231
59974834
60142852
59473788
60152988
60496956
60208016
60158237
59425747
61728273
59975949
58760144
60297474
61553962
60235592
60178065
60090239
60016592
59627970
58938087
60010373
60163116
59954826
59330782
59971236
59931543
59953313
59103497
59666581
60128076
60152361
60144658
59952142
59610055
59944953
60017261
59971363
59931487
59649387
60673991
59973730
59957338
60135128
59441697
64407051
59936906
61193754
60290797
59491816
59367570
60160991
59986230
60232180
60168664
59781350
60706947
60136729
59986354
59394237
59890417
60024888
60005194
59943369
59658461
59272583
60356423
60719737
60015250
61028497
60012770
60743170
60340333
60483459
59983438
59419050
59853140
60036080
59952647
62560029
59912069
59790217
58719835
60329588
59148606
60067701
62587014
59948232
60280302
59545147
60080124
60153564
60129802
59962298
59605498
59954941
60323704
59820533
60130669
59510134
64558579
59975308
60155056
60056404
59629022
59801996
59845192
59969910
60146096
59440751
59975620
59544597
60233983
59977002
61010288
59998161
60363103
59978089
59945468
59645042
61970348
59856660
59935518
59938720
59711353
61025344
60045354
59938908
60039465
59523671
60302702
60656839
60131607
59927966
59615844
63996839
59823966
60150848
60132137
59733024
60160943
60469520
61055279
59980604
59630830
59383339
59988454
59937406
59785408
59930170
59970395
59978007
59953197
60128142
60106637
59906294
59629736
59927116
59987061
61070985
59356965
59905675
60676307
61474480
59851458
60132991
60178942
59946927
60047702
59958965
59979209
59906004
60675286
59642584
60078686
61918046
59832095
59604609
59447723
60318758
59954193
59966688
59970561
59947282
59982627
59977584
59894641
59980556
59613862
60873307
59855186
59992219
59935014
59996427
60022455
60107790
60051022
60114845
59642363
59988994
59859761
61919621
60155583
59666750
60329813
60166132
59436049
59958903
59441072
60517007
60088850
59874831
60145564
59804176
59962429
59926771
59973817
59975277
58968996
60152149
60146751
60170933
60222065
59452540
60122131
59943630
59774019
63344809
59556019
59843550
59963454
59613438
60047111
59963316
59974131
59991248
60140416
60406763
60070754
60229452
59903424
59440809
59659287
60189053
59974107
59993125
59819298
60109072
60496349
59905628
60344857
59902602
59988994
59955038
59846031
59978876
60482103
59981367
60171678
60012382
60287026
60645187
60024596
60027806
59943122
60319706
59847131
60214958
59939657
60171939
59643088
59877014
59622614
59401611
64219791
59763966
60658392
59977146
59793854
60127414
59822838
60688277
59944725
60024211
59634470
59959843
59895508
60130045
59971530
59797473
60033546
59982645
59835630
59979636
59684462
60154326
60350837
59984815
59918603
60143984
60014602
60331703
60836381
59610454
59984455
59641626
60093183
60158412
60133670
60097391
59787951
59915270
59462763
59748587
59040088
60312119
59971313
59613268
59990340
60000653
59952015
60501860
59759024
61394927
59946834
59963509
60325405
59508335
59793093
59965335
59951005
59991360
59713606
59961152
60155890
60154810
59985902
61505010
60354116
60136869
59930213
59939985
59619361
60332835
60017031
60121925
60018850
59566687
60030166
60151580
60143093
60083860
59686127
59947505
59802075
60125309
59985771
59464709
59908538
59995255
59964342
60001829
59923055
59796733
60303188
60142906
59800116
59468463
59982678
59620264
60360738
59799625
59598079
59984890
60000444
60050787
60040879
59981744
59524226
60157281
59263960
60133842
59989772
60098971
59622215
59971133
59990572
59996261
60008786
59754831
60282931
60100643
59988674
59458660
59952381
59602596
59937249
59610755
59948381
60177043
59267028
59792865
59961824
60007757
59957337
59867787
60350345
60858076
59977524
59995690
59627312
60260918
59967881
60087450
59852936
59813022
59984377
59918898
59926030
59997380
59564423
60054059
59688706
59846006
60158342
59454211
59975015
59672280
59439668
59964477
59971658
59956681
59787306
59923000
59812341
60152712
59759740
59626733
59783546
60036853
60343389
59956318
59746316
59728798
59655307
60143173
59912586
59738341
60104715
60085900
59978809
59986160
59630393
59960869
60169264
61712812
59977390
59554422
59991017
60168823
59870219
59988062
59959902
60176966
60129358
60219952
60054487
59457500
59945136
60127140
59921293
59919104
59653290
60098919
60019614
60138719
60128691
61722656
59791422
59588108
59979108
59959373
59786374
60095813
59488595
59944941
60132950
59968768
60020108
59778622
60511501
60100419
60257006
60188084
59419594
59956773
59975743
59820236
59569541
59817296
60032387
59785229
60278789
59676079
59774789
59961439
61283179
59961613
59595116
59597267
59982742
60119041
59942445
59873250
59461208
59928674
59962383
58591652
60075549
59641164
60355072
59927026
60352518
59892784
59850848
60300135
60017640
59943391
59968400
59807315
59956838
60507462
59784095
60088383
59448231
60171856
59986304
59944068
59956846
59837089
59655760
59986290
60103384
60493906
59618092
59813976
59964193
59963318
59977737
59446252
59984162
59943427
59969947
59980193
59783271
60437118
59836122
59972311
59814808
59617825
60032142
59984802
59427936
59634009
59965812
59963162
60875734
59970616
61126965
59965495
60141691
59973735
59555666
59945903
59981840
59973995
60082252
59940875
59957729
59781461
59992389
60161116
59945543
59417610
59950364
59956162
59537465
60097017
60139755
60086781
59974256
59923290
60295106
60011200
59645096
59699871
60089143
59939393
59968768
60010844
69878237
59974363
59444806
61036125
60147771
60172763
60107900
59972980
59973469
60101697
59159382
59751909
58749750
60028018
59952791
60672858
59975428
59394716
60376073
59835380
60136071
59969110
59683048
59833046
59957375
60047728
59938020
59980425
60005183
60177460
60850544
59954136
59446524
59970603
60173167
59904448
59741044
59878264
59986454
59972079
60255926
60151746
60512582
60158356
59796754
59919408
59942404
60574202
60131063
60028269
59965260
60008620
60041528
59593617
59628533
59937061
60185589
60112196
60266299
59968965
59931480
59642183
60147419
60204189
60002274
62099886
59876078
59897553
59784601
59967110
59927289
60189776
64689767
58462285
60098414
60009816
60122994
60666446
59446256
59631829
59987423
59977459
59817477
59845580
59987373
59991787
59987233
59954101
59962778
59943208
59906058
59990819
60147036
59794340
59811501
59992220
59986474
59974457
59724940
60041247
61430428
60022191
60152207
59491242
60144556
59435744
59821020
59919519
59575958
60330676
59780594
60454192
60289455
59605372
60355227
59964602
59983190
60144321
59623104
59811201
59997009
59748894
59796239
59797008
59990279
59995074
60145652
60188864
59815574
59960921
59950719
59615619
59633121
60147705
60104248
59912610
59956959
59989831
59844733
59987772
60281453
60324072
60150386
59538512
60208848
59757899
59984273
60423809
59595310
59953583
59800182
60005172
59970495
59570568
59758457
59647049
59834938
60143461
60842000
60257227
59993948
59930500
59916342
59577063
59636788
59861845
60152956
59809822
59859794
60001546
59978215
59575562
60151955
60163760
59989727
59734382
58821939
59976690
59981286
59976899
60244196
59876061
64039207
59726648
60155496
59962012
59597146
59810696
60145949
60184654
60097466
60158889
59918191
59399360
60000370
59944469
60005387
60018172
59974406
59806648
59797182
60554567
59938220
59971704
60144359
60301367
59468380
59978305
60155410
59964502
60160148
59891970
59987699
59951155
60143162
60086259
59918676
60046096
60703393
59983013
60659074
59968441
60164425
59226672
59818727
60080330
60356225
59989855
59983828
60303686
61911884
59938928
59955465
59946093
59932725
60514054
60063081
60011457
59979927
60135605
60015152
59672540
60153443
61067826
59817299
60177339
60321730
60225340
59262224
59984546
59676464
59993662
59865606
60149972
59822274
60082071
59822443
60308212
59850965
60145919
59613505
60131142
59958789
60247903
59869609
60187074
60145105
59971093
60039164
60318303
59614628
59985751
63376299
60155534
60177558
59977193
59945453
59800918
59605766
59982266
58843036
59977518
59375145
60160536
59785962
59446094
59897625
60325976
60690174
60026024
59635841
59969952
60017596
60088998
59912544
59559813
59954355
59952164
59837243
60306329
61624125
60161518
60109659
59938470
59492581
59670734
59976758
62551083
60247765
59971095
59720927
60298515
59910878
60381910
59608015
60004795
60075121
61258048
59932704
60061528
59991003
61293607
60018321
59857131
60191472
59952428
59893349
59595226
59916063
60009288
59974459
60021320
60002732
59986339
59817001
59991980
59972522
60014400
60195414
60142412
60320216
59770562
59931896
59972607
59806124
59969142
59539983
59943926
59547095
59947281
59982011
59887740
59617618
60077080
60104258
60491523
60082668
60217476
59995105
59968000
60125078
60304212
59936508
60022652
59677149
59903013
60000735
59864908
60118042
60649281
60147413
59952944
60837451
60149164
60229986
61699844
60488728
60225909
59610326
59976676
68932644
59933956
62841110
64165207
60624952
62642631
68006248
60189156
59841441
59973859
59943873
59804214
60686920
59977634
60684334
72248674
59969418
59328121
59995777
60668737
60227717
60076455
60110396
60045296
74965597
65598523
59814650
59985811
59448833
59948814
59916599
61204308
60008987
69154072
72058703
60257306
59976652
59802392
59621210
59965031
59956889
59982617
60243242
59466678
59955811
60108302
59944852
60225545
59978410
59927568
59957723
60130191
59938514
59463666
62334225
59946877
59608562
59777752
59525868
60145902
59910354
58960866
60009041
59596579
59819387
60895461
59973706
60040331
66008524
60003380
59612277
59969509
59554689
59634891
68703464
64033132
59360661
60015506
60390528
60229007
60872911
60228078
60063107
59984498
58969840
59996490
59666954
62846595
59981186
60026792
60147198
59975636
59754264
60135005
59981646
60327121
59979480
59422615
62202023
59927848
59968305
60324523
59437459
59855429
59995971
59936448
60019635
59955342
59960600
59720556
59906384
59997868
59799847
59918061
59955715
64825282
60091020
59836062
59972779
59970675
60159630
60334845
59962904
59961198
60151689
60175388
59925649
60174289
59923737
61195391
59971190
59991906
59994526
60844820
60184532
59952076
59775948
60005578
59967997
60127303
59961324
60262062
59987691
60665891
59990987
59795062
59913193
59994330
59375893
60206424
59939833
59968791
59818155
60134249
59787336
59951464
59970186
59978383
60144737
60575810
59968139
60333355
60004029
60847989
59662229
59972760
59970820
60613342
60014596
60236953
59982809
59429219
59979446
60294302
60032959
60203513
60124172
59980102
60009680
60725796
59979989
59957702
59581945
59967916
60179947
59834725
60183830
59646699
60141353
59270305
59770474
59843725
59422802
60325002
59904765
59783756
59937191
59464010
59949768
59977548
60088171
59507553
59689913
59971227
60000196
59983390
59963395
59508441
59973081
59975739
62309555
59984037
59632231
60540063
60021349
59973965
59954749
59608971
60133497
60115829
59916387
59309906
59666159
60000009
59922553
60050181
59967634
59624929
59988549
60004283
60243133
60177835
59980656
59912348
59958684
59417772
59809273
59544566
59603652
59963691
59939375
59971791
59565560
59899614
59968028
59983150
59600935
59629194
59898618
60162820
59981090
59977393
59770458
92163260
59449835
59788589
60310221
59957952
60176043
59447253
59993528
59949905
59423241
60159822
60005413
60509226
59821375
59303751
59941807
59205078
59998351
60151514
59324942
59836177
59589513
59949163
59937692
59781437
59927472
59592082
59979412
59960531
59634753
59985256
59805905
60017934
59966221
59449390
59920236
60006713
59988254
60094014
59986293
59960656
59973342
59122617
60110528
59309221
60193180
59957094
60156615
60186402
60026979
60147655
60344083
59980750
59839468
59990673
61042836
60116506
59857629
59977175
59807575
59987085
60741984
59793177
60013608
60250153
60197021
59744806
60833869
60155865
61714130
59977808
60076277
60496583
59970868
59447465
59794433
64518200
60006453
60021829
59909506
60330616
60156687
60096837
59936621
60168090
59615035
60181274
60109698
60555096
59989511
60716803
59890840
59857677
60241681
59845752
59742580
60182379
59825192
59703452
59952419
59545995
60156675
60035654
60273003
59979917
59640551
59962604
59935780
60147889
59903915
59759802
59979631
59902634
59881731
59976948
59666660
59145806
60060436
60161251
59956390
59618450
59753181
59964243
60057068
60264405
59592805
59819626
59938913
60135610
59986709
60040280
60109624
59932290
59956411
60345158
59592902
60018785
60760769
60133109
59992682
59578750
60860096
59878371
60129942
60146843
59601416
61898790
60655266
60304494
59430794
59656203
59807592
59895571
60338540
60188355
59810072
59932019
59977998
59970144
60043125
59644915
60129966
60014215
60140099
59930871
59899392
60355894
59777797
60337726
60091401
59596185
60140643
60195378
61296452
59678903
59609060
60241930
59854509
60643409
60047905
60344660
59418706
61025838
59933618
59592069
59920855
59935360
60200962
60884635
59618693
59997089
60008193
59954668
60023296
59509890
61442146
59960230
60334215
59884599
59729487
59676448
60120457
60016620
58938950
59681633
59940161
60022526
59919474
60201720
59529361
60028092
59988251
60320977
60068338
59521014
60028473
60018804
59870797
60206632
59633247
60157193
59963972
60124467
59993347
59739564
59681527
60805157
59787404
59957807
59756287
59645875
59963498
59922144
60312027
59620447
59257235
60029618
60083744
60336892
59597669
59920310
60594853
60075989
60152810
59484626
59751010
60004559
59814737
59948442
59717067
59967175
60322275
61007536
60015318
59782930
60629958
59619076
59326116
59812248
59770984
59970544
60021993
60017845
59870622
59942058
60263446
59941883
59902727
60004630
60054468
59947701
59952173
60507608
59949450
59172593
59993756
60012899
60347472
59913137
60138242
59587224
59924915
59812039
59940200
59807685
59639031
59966067
60810975
59272734
59479516
59408194
60062516
59974977
59980356
59811949
59367774
60141697
59826703
59737959
59916087
61727813
59985244
59996736
60083590
60346598
59598966
61937544
60336672
61163010
59795167
59644022
59987087
60074910
59966595
59977511
59435242
59995090
60171454
60131373
60055710
59802461
59875084
63858594
61209601
60098366
59609274
59761555
59964906
60152380
59964342
59966286
59978533
60141310
60021250
60335986
60153040
60216897
59969241
59946978
59968162
60346167
62436328
59659211
59446711
59978968
59981015
60565848
59889121
60325487
60260064
60530337
60014207
59801539
60199575
60214068
59937595
59817326
58256544
59673017
59289088
59777252
59458527
59982553
59998014
59996148
59975612
60292318
60041872
60040247
59960913
59900645
60306545
59371893
59740234
59945967
59965644
60054540
59841887
60109264
59959208
60108208
59975467
60019290
59995009
59854582
59115319
59859904
59953310
60145424
59903549
59969171
59645436
59797096
60271001
59918776
59485720
59946475
60133812
59982429
59452268
59800650
60008327
59993718
59988213
59977061
60027744
60084253
59771699
59971351
60945609
59848947
59968455
60310182
60174447
61019233
59933064
60369439
60185814
60170875
59906094
59650305
59952231
59908638
60283118
59930705
61420160
60117093
59986136
60170556
59591763
60033238
59975051
59970470
59972736
61059941
59795581
59947541
59973847
60336152
59637489
60156019
59786918
60871150
59967744
59977179
59455942
59968834
60304662
59763820
59580881
59975880
60012450
59927182
59977863
60047429
59916509
59959207
59969838
59734943
60276901
59601524
59958846
60004369
59991894
59720521
59982419
59999228
59972693
59776003
62764288
59957039
60688040
60154447
60172020
59455675
60524925
61014766
60170447
59978991
59646079
59838795
59954909
60326871
59950300
59539696
60061412
59867619
59979826
59956856
59788016
60010233
59937405
60164009
59955603
61025357
60373295
59624379
63662404
61416200
59933062
59885199
60242529
59966587
59971869
59788077
59884372
59986245
59927341
59092041
59457837
59618111
60007400
59603142
59538330
59395521
59653263
59746755
59396334
60502650
59719470
59583396
59590102
59552012
59541024
60027194
59395036
59797205
59699581
59671593
59581747
59649808
59890946
59961710
59825064
59971419
60307155
59921245
59997261
59626930
59987030
60152439
59982098
60156194
60601486
59610462
59565945
60324079
60028719
59987353
59908610
60225111
59974532
60136208
59975046
59976184
59931383
59593850
59469276
59776876
60863087
59555416
60185830
59677010
60448120
60095336
59449771
59834401
60509351
59181710
59970065
59643681
60511431
59917390
59956882
60174152
59658011
59825548
59857283
59867085
59637613
59627667
60130882
60334181
60304647
60363933
59627115
60160471
59975848
60148975
59981126
60292748
60295465
60768151
60315376
60085332
59803365
60528809
60019609
59974956
59968433
59620859
59942947
60469502
59941108
60897387
61320071
60441984
60322896
60727725
63454258
59628314
59422199
60264958
59948044
60114365
59614938
61839702
59965796
60099226
59810280
60726801
59979870
60132990
59923295
60308503
59988103
59817804
59829519
60457461
59959008
59899009
60402092
60000203
60158681
59967663
59793045
60135108
59986007
59967472
59846005
59594646
59602775
60021088
60113694
59992056
59796553
59622530
60302071
60526681
60173111
60000236
58430479
59893368
59816126
60100122
59812891
59909383
60051790
59991806
59793716
59936972
59466845
60143463
60144546
60328437
60094567
59394366
60294015
60317577
59994029
60065358
60202426
60012772
59396093
60238560
60133721
59984089
59978193
59771547
59959571
59982564
59988439
59956653
59405457
59989536
59820343
60130784
59966687
59630278
59819782
59997681
60150496
60023727
59762294
59988147
60285924
59807399
60004576
60761986
59584990
59951869
59912834
60316278
59685021
59977945
60276258
61416574
60510083
60281809
59968966
59972880
60173878
59840238
59561982
59942122
60176975
59959313
60076663
59833392
60339409
59837553
59976380
59983449
59630521
59751674
60091264
60155089
60026404
60223845
60033184
60662002
60032560
60348155
59624181
59981726
59974646
60001421
59992406
59442974
59982780
60122006
61950500
59987610
59439564
60146212
59103478
60177850
60938942
59620285
60372732
59898554
59895023
59847361
60010989
60177080
59944484
59854169
59957884
59586252
60634476
60097211
59981607
59980453
59593683
59965585
59994271
59966172
59936875
59497955
61197153
59986232
59979900
60689654
59631721
60029451
60330589
59960124
59980632
59974040
60137935
59952428
59956140
60092349
59629616
59964812
60013074
60058148
59967973
59643700
59984179
60171578
59995520
60088874
59449683
60166165
60822582
61546712
60105254
59454395
59991547
59946138
60143573
59981319
59646155
59834691
59944766
60312171
60037604
59960566
59946405
60270743
60153818
59987014
59801155
59279108
59956897
59851636
60016866
59978614
59973789
59613068
59807224
60124253
59620846
60394346
59972661
60196636
59794578
61388018
59940249
60133924
59998435
59959112
60039012
59709012
60002155
59639968
60120195
59927145
59981380
60370148
59920669
59974966
60222420
60284003
59930565
60067785
60329106
59636527
59932095
60310875
60089297
60209455
59557947
59965039
59915687
59965928
59985326
59584482
59970747
60650785
60104492
60128859
59981758
60141551
60188647
59934805
60006938
59671167
60012968
60116733
60064545
59943429
59523082
59981265
59945147
60030900
59629693
59969011
59785216
60368177
63223585
60008541
59530580
59965618
60208689
60359435
59988319
59570050
60157750
60271751
59635637
59757520
59635374
59780462
60110348
59668719
59975881
59915443
59983970
59569151
60046766
59948240
59893461
59746801
59756744
60227651
60269766
60197924
59817062
60022595
59956325
59974935
59956761
59968413
59941741
59921400
60121633
60026018
59937766
60033888
59918626
59664271
59973490
59657709
60144114
60106280
60304459
60165244
59809748
59845196
60014666
59968658
59962822
59973777
59984935
59637663
60018259
59965325
59813751
59961600
60679817
59787806
59918443
59998585
60736720
59946676
60063058
59965736
60215861
60037071
59795072
59959757
59971108
59793264
60009426
59971848
60522432
60168353
60395610
59953719
59803230
60129990
60325757
59974107
59989588
60132604
60007767
59987247
59977514
59956212
59995879
59622710
59987377
59772719
60549769
60001428
59977519
59525229
59977217
59992684
59923687
60001644
59670511
59923620
60034723
60331725
60317347
60061611
59994341
60342820
59968761
59921446
59847475
60111532
59946330
60161954
59821176
63825612
59977541
59749466
59833667
59920521
59621643
59614676
59947008
60149985
60416178
59609564
60131159
59955030
59986249
59985051
59712340
60131199
60124704
59934518
59455917
59948913
59977834
59936489
59960441
59971610
59463926
59979004
59951984
61737818
59527412
59836158
60020770
60144221
59933866
59995161
63709102
60000733
60172091
59412660
60018350
60772846
60025021
59909167
59963348
59858796
59850481
59389550
60160910
59798398
60215237
59597365
60144641
60120679
59961737
60127980
59623263
59832656
59979583
59985984
60021525
60561580
59927157
59966782
59818230
60380469
60173222
59987551
59962927
60322697
59980432
59637056
60132024
60325318
59987965
59750140
62652846
60979767
59795154
59432848
62240471
59823033
59742427
59621917
59980970
59662099
59463593
59583595
59938346
59858349
59648775
59619654
59617435
59439162
59625921
59594559
60165509
59686107
59629215
59577036
60144939
59635905
59617411
59645985
62947645
59641195
62232192
59574043
59777843
59594393
59453987
60344314
59673194
60320888
59602246
59331635
59766422
59400574
59708285
59628692
59454757
59613819
59923770
59605353
59954306
59450930
59647425
59439637
59618869
59573084
59448593
59786884
59611534
59684253
59504283
59417100
59427633
59612542
59798957
59623029
59984652
59458150
59423239
59924128
59388643
59653499
59628829
59788787
60088969
59641341
59445699
59668360
59604482
59598745
59485264
59602680
59560942
60797610
59394038
59630138
59266600
62491193
59437207
59256316
60101686
59975950
59792499
58741171
60063105
59817678
59971475
59821536
60145281
59839200
59395668
60034022
60177321
59963874
59632664
59955364
59330478
60206939
59581660
59987388
59855114
60793972
60131304
59937716
59970202
59831134
64704923
59790673
60035827
59912812
59926320
59980926
60371347
60106877
59950825
59941746
58722658
59617347
59642904
59455285
63132979
59429419
59462480
60035523
61001036
59991098
59976860
59988552
60670414
59464859
60102988
59959176
59981603
59986682
59588751
59786324
60599730
59162570
59805848
59824676
59814878
59973821
59087969
60048932
59588230
58396890
60027452
59728994
60158013
60020049
60122497
60525458
59989732
59789976
61411224
59905529
60111695
59977400
60078991
59788620
59430736
61430005
60949369
60059844
59664746
59753802
59971068
59971143
60619961
60528821
60153974
60336221
59985089
59788791
60674227
59974261
60153432
60424998
59626178
58750530
59917575
59918652
59826873
59852974
59972303
59433099
59852698
60294760
59899946
59966013
59342433
59936870
59575929
60015625
60240671
59837615
60037072
60013947
59403105
59990251
60715679
59972623
59329850
63310875
59788455
60618633
61185998
61048941
59895516
60768110
60138221
60453645
60043899
60341339
59782872
59980179
59985121
60018921
61063244
60326039
60005868
60214482
60273077
60106903
59926701
59969228
59766239
59823737
59422348
59992084
60006034
59979746
60724215
60454674
60018043
60205471
59701080
59980237
60385468
60146661
59972348
60148265
59988218
63657193
60326342
60263069
59961871
59673839
59658343
59957586
59976414
59957976
60144762
59483682
59916288
61067974
59812025
60320538
59205890
59981953
59494362
59977736
60352814
59438600
60050467
59935003
59738340
59955383
59616305
60322659
60135984
59799871
59984370
60124687
60805767
59344734
59991043
59801729
72152947
60705447
59959533
60146958
59663449
59947908
59290261
60031019
59267957
59973791
59810673
59922869
59979797
60013225
59967776
59988489
59891293
59650639
59958906
60172680
59648388
60000090
60580808
59954462
59787524
59706793
59972031
59994948
60189680
59897748
59954463
59771947
59481767
60019105
61742254
59593391
60090904
60169768
59886680
60141249
59855644
59977836
60047383
60316020
59964715
59796660
59780421
59916802
59986491
60151853
59465609
59917872
59998193
59955596
60311729
59405480
59972516
59837334
60164387
60872372
64584600
59872675
59950635
59892436
60111932
59776487
59966409
62473355
59989603
60030406
59605533
59969371
59984192
60148356
64365042
59894841
59961327
60156050
59907833
59933183
59629347
59952999
60176676
60013869
59846960
59255273
59522430
61200963
59640051
59963101
59806879
59979119
59881738
60356549
60030505
62811830
59465274
59988626
59785878
60549284
59776355
60105235
60034428
59987504
60181095
59846797
60255827
59599985
59922309
62096765
60316097
61165328
60148391
60043435
60194679
60802005
59982630
59974288
59621255
59968958
59732518
60024226
63007647
59696636
60041311
60052835
60207410
60439039
59922254
60687303
60185005
60032259
60083154
59606751
59985946
59957282
60160262
59804378
59950386
59996438
60118054
60718785
60172252
59873361
60025361
59965702
59818929
60048307
60544353
60467755
59995056
59708738
63909272
59938737
64011924
60390757
59634945
60657507
60010413
59462031
59221740
59462841
60038470
59960830
59601543
61423775
60026980
60005119
60370922
59625399
60026036
59884387
60481100
60201432
59626373
60006346
59876868
60753384
59959620
59967131
60031286
61013107
60005207
59945146
59523579
59987481
60197508
60174391
59971766
59558976
59905888
60050414
59974584
59960671
59494549
60851417
60094057
60237975
60007648
59435084
59823154
60074567
59986041
59800566
59444271
59900424
60064676
62529262
59790987
59926842
60462351
60293940
60115035
59985368
60483878
59744627
59921741
60102732
60298080
59428236
60037888
60422018
60076538
60057682
59646319
60114321
59967017
59767691
59962964
60340255
59955335
59576411
60074390
60264749
60138749
62637757
60797635
60091055
60981154
59889783
60841645
59876914
59953083
59913523
59930201
59972546
60071856
59669096
59613325
59509561
59939361
59966613
60013088
59946914
60131285
59799248
67552718
60033920
60358428
60243544
59626534
60132095
60301169
60850589
61223861
59838081
60146826
60164627
63317146
59820778
60357844
59944262
60162011
60124841
59801606
60120789
58645415
60266667
59972779
60327973
59473125
59909623
59812420
60572003
60845331
60020957
60009227
59908907
60483395
59860558
60894404
59794214
60009108
60322855
59401291
63179452
60895609
60664146
61016123
59959261
59972549
59449590
59996953
60009168
60107062
59985555
60504917
59958437
59446916
59955975
60025897
60647865
59992559
60885658
60159405
59527308
59679077
60381110
60135407
60812973
60249361
60121868
59915467
60167655
60128552
59393780
60150553
60122621
59921786
59963221
60127553
60007552
60126799
60295909
59937988
59852839
60033261
60070391
59446559
59965456
60022996
60698051
60672708
59647707
60550224
61857373
60358373
60323752
59451343
60994090
60065072
60351199
59620320
60000129
60130341
60280506
59577140
59779321
60049817
59961319
60105773
62118283
60107657
60043801
59989640
59819314
60194882
60119738
59521884
60144078
60228757
60975093
61209225
59555820
60248350
60351261
59959763
60121935
62412543
59647640
60183869
60057846
60223072
59705214
60336346
60054264
60020463
58355662
59381118
60241537
59917617
59804622
60045072
59694744
59959336
60014648
60020488
59622133
61412397
59972345
61070830
59841717
61085208
65422803
60674481
60075777
59823944
59399148
59984056
59724438
59498857
59745500
60038309
59983534
59525645
60077306
60204153
60929081
60117388
60018418
60163094
60901145
59956440
59926348
61214750
60067797
60264522
60027487
60031831
59793427
60850482
60240382
59942305
60161881
61563312
61176837
59975717
60079069
60822875
59456620
60018979
59349027
60273708
60310128
59845309
59970284
60118113
60496132
60245031
60747474
62107943
59954703
60249444
59829699
60005190
60687996
60107913
60309384
59919085
60180266
62468276
59945740
61768839
60902239
60195390
61191711
60010352
60884039
59925236
60735293
59942848
59835319
60391400
59665459
60016106
59941252
60248254
60376113
60015479
59916183
59788787
60589765
59961088
60363564
59561071
60060448
59931163
60152792
60033097
60755825
59997739
60027121
59850758
59917859
59753763
59424381
59642659
59671440
60783285
60387366
59628656
59875701
60728409
59975082
60002997
59243213
60848434
60166517
60035476
60144388
59454600
59966366
59937734
60820245
59637986
60178872
60053297
65756380
59865063
60104510
59788069
59446504
59800178
60362862
59972552
60010530
59987938
59934567
60020208
60051636
59826710
59956032
59952768
59923813
60202212
59759125
60085344
59633368
60364150
59472851
59637375
59979384
59979470
60140171
59937637
59825554
59894368
60266622
60017406
60064621
59922120
61011464
62190329
59929705
60421755
60299157
59803983
60734940
62148179
60015344
60522436
60068650
59999335
59955915
61452665
59976471
60080137
59884125
60665272
59929456
59990374
59632910
60198812
59994454
60539643
60029224
60057807
60324304
59915802
59717772
60154363
60000181
59991525
59936776
59892866
60160415
60183417
59478573
59444949
60708948
60302221
60427235
59982242
60058683
58807650
60015182
59979206
60599727
60081205
60764926
59382949
59661557
59878757
60117870
59356699
59986629
59930631
60018479
59933223
60097598
59898433
60012496
60599256
60796825
60058032
61654362
59987121
60239228
60269432
60068039
59994863
60335794
59914071
59990904
59967834
60257426
60358573
59961450
60147773
60189904
59956022
59968334
60157204
59293946
59962930
59960302
60114279
60090317
60484340
59872562
60005113
60137024
60337644
60178149
60168255
59775079
60083418
59594850
60011929
60042235
59994019
60094666
59732631
59978015
59991373
60834602
60212694
59976033
59537468
60047557
61046116
59608400
59963256
59974680
59940555
59621724
59555067
62638155
60210220
59897857
60239542
59597842
62031992
59923077
60021100
59974461
59649890
59985668
60296857
60043602
61210395
59667389
59989952
59997332
59946259
60722952
59443119
61123130
59892142
59976416
59910427
59668835
60062262
59970458
60159773
60151037
59642492
59995435
59239190
60425501
59943735
59468744
60259212
59899380
60075517
60047139
59727832
60053634
60086672
60353905
60360801
59728558
60983405
59734368
60112551
60138186
59433062
59994735
59943329
61745885
60375553
59662127
60122462
60137765
59953387
59975611
59478467
60104724
60124885
59951697
60063984
59618728
60004328
60021857
60024806
60498617
59786764
59987649
59966906
59985193
60118383
59882700
59471568
59862603
59966897
59756674
59960608
60205706
59983259
60804305
60090063
59430580
59984392
59963876
59966035
60343950
59971702
60358585
59967291
59968875
60116794
59957424
60671228
60297201
60554015
59983105
59927551
59848556
60416660
60148257
60156960
60340317
60041162
60093004
59979613
59928865
59974333
59957461
60122238
59724803
59458324
60003412
60003324
60145887
60675740
59969834
59953451
59991497
59817573
60167371
60004385
60985436
59122725
60142340
60001342
59964205
60263167
60162286
60340080
60875770
59427364
59897678
60109466
59971032
59977081
59983332
59870531
59979445
60283637
59851902
59645656
60168351
62088697
59909889
60408109
60472344
60751801
60313068
60098458
60115593
62200738
60300899
59984536
59940205
60225527
60112951
59965713
59983384
60040204
60334080
60420761
59757594
60135074
60990068
59936513
59964543
59995434
59968172
60372513
60450625
59852561
59765122
60168629
60018039
59929812
60185385
60002914
60070654
59961219
59293215
60019383
60342391
60186131
60034430
59828583
59953193
60094941
59937511
60156938
60051849
59799115
59955785
60381291
60732158
63450070
59779931
60350683
59501622
60016071
58720302
60155016
60087726
60118505
60544896
60319840
59685168
59928935
60870231
60012667
59995417
59949694
59957600
59750528
60209547
60362661
59796570
60167342
59922595
61171851
59475782
60626149
60002239
59722299
60065463
60162184
59974595
59981006
60150472
59990633
60041666
62044122
60020929
60178647
60023204
60191124
59392433
60104381
59977313
60221602
59656267
59627612
60349946
60875183
60511294
59439600
60029049
59978763
60667786
59875997
60618586
60008752
60476516
59974322
60138270
60112854
60017103
59719631
59999090
60805079
60234819
60028250
59955421
59967593
60021651
60298075
60039772
59984983
59928777
60179602
60037360
59896943
64365752
59927071
60718708
59563942
61143134
59994950
60089366
60016574
59606140
60845153
60127120
60914545
60363424
59618948
59996992
60326704
60502137
60920261
59615709
60125677
60173853
61914550
59992438
60307728
60049036
59905778
59992111
60177152
59437341
60891339
59897600
60706173
59988968
60500636
59884284
60522894
59983861
60657911
59788581
61274561
60144199
61072965
60018148
59468605
59809574
60438593
60466123
60069232
61316347
60290746
59921167
60675090
60070116
60649951
60397943
59965924
60086057
59947577
59733600
60097774
60012969
60510234
60055321
61201637
60351610
61413215
60495960
59961363
60369831
60766688
60359432
61557590
60012522
60802057
59775534
60230923
59939676
60044460
60145365
60050123
60082033
59969920
60282442
60333965
61086286
60073792
60997743
60128224
65290289
60145815
60380332
59782199
61059850
59962310
60594086
59398291
61113270
60154277
59925470
60399856
59655784
59926964
60094544
60034984
60041951
59607936
59985549
59982857
59988417
60687688
59597493
60333917
59946867
60458444
60131214
60596096
61210823
60809843
60671535
59971851
60334508
60295995
61257718
60320482
60886202
59592718
60135195
60190075
60204893
60323825
60153845
59513600
60018632
60261589
59937686
59920529
61015930
60965953
59485773
60655244
60435144
60550714
60208188
59913065
60676674
59981624
59806660
59927091
61193591
59303408
60056400
60087845
60333467
60195019
60011570
59771076
60051457
59775765
59967456
60115602
59758305
61232895
60792588
60723851
60702725
60139633
59929083
60372157
60469404
60901561
61963440
60487404
59775306
60666842
59780631
60388181
60997956
60494246
59720625
60996603
59665295
60063935
60173563
60047706
63002040
60117904
60209794
60300352
60388848
60801417
61017508
60581317
60182585
59999863
61043666
59848211
59838328
59987994
61044686
60358462
60577580
59927799
59936392
59956954
60393351
59960434
62399816
59946526
60278129
60819883
60220422
59990256
59296768
59598918
59873343
60171660
60012407
59996070
62052391
59986915
59973138
59956763
60205521
60180914
62756250
59495555
59988575
59975469
59690415
59918434
59678071
59971510
60072915
60107795
60132532
59451813
59996585
59954675
63793483
59917713
59587396
60153510
59981547
59969422
59829904
59558935
60015383
60284078
59996883
60107754
59443346
60500088
59942047
60324842
59615223
59573219
59913883
59991314
59783847
63292798
59634333
59785493
60042148
59963390
60171202
59593203
64389002
60075068
60337937
60109714
59867778
59968521
59996197
59850223
60148287
60018863
59777362
60309651
60104746
60151993
59360112
59994243
60207546
60195401
60002555
59712795
60105253
59959240
60587646
60017096
59947554
59993354
60300348
59839324
59642338
59996244
59972697
60894102
61551968
60005995
60208588
59603056
59952534
61812023
60142700
60630695
59790785
60343917
60363885
60062432
59955636
60135337
61791305
59912403
59968398
59951267
59847172
59959867
60194067
59972718
59943783
59389288
59761552
60042640
60310232
59226005
59810446
59622067
60105678
59222154
59936641
59845077
59946120
59988186
60141530
60347781
68574708
59849177
60255994
60013820
60495944
59643310
59486364
59801199
60129169
60019258
59586356
60676648
59944266
59860280
59997045
59530938
60136410
59952170
60341014
59599444
59785751
59959365
60039300
59979557
60461487
59937790
60123830
59974687
59826241
60110900
59800054
60117017
60435342
60144135
61031947
61765869
59876971
59958263
59817819
59921602
59561981
60000230
59358387
59979220
60312156
59730080
60260698
59960860
63517122
59924108
60244783
60244707
59893326
60132285
59431653
60080990
60122748
59820287
60122653
59938879
59427614
59972257
59867310
59587772
59981253
59775215
59993701
60298983
60128324
59783072
60358581
59942478
60585015
60267034
60342375
59739667
59946236
59984919
59915841
59960076
59791412
59991554
60026027
59821000
59803065
59951264
59978771
64535962
60126279
60183049
59796497
59932305
60019223
60213786
59737059
59628402
59787254
60292103
60031575
59948866
59673761
60191107
59992993
59536107
60064694
59676527
60132271
61751678
60180976
59981342
59681219
60010519
60135539
59483433
60117117
59407156
60173139
59770526
59915245
60013299
59523399
60274385
59808734
62205708
59875504
59324019
59616477
59627427
59769232
59941492
59453077
59862265
59847155
59949108
60016126
59848189
59733553
60297763
59259603
60136738
60190855
59969695
59436398
59916137
59789185
59964536
59899513
59381708
60187088
60394260
59432440
60183147
59873312
59979236
59834598
59849703
60553020
60011339
60022173
60643818
59988903
60071950
59557846
59890049
63875416
59369241
59938571
59840655
60730214
59825546
59807138
59966832
59927137
60000114
60132677
59603348
60370095
60119273
59984615
59931382
59673761
60307610
59759104
60481471
59829025
59761359
59887951
59512945
60125804
60150600
59588703
60117517
60556827
59957185
59440639
59780608
59881992
60008373
60181012
60171192
60734556
60173134
59991932
60002987
60414849
60129725
60158093
60394840
60179323
59930356
59647365
60074156
59615378
60246383
59905041
59604823
60153023
59975155
60535953
60300832
59482565
60355023
59859312
59917530
59931819
59629389
59802317
61059115
327626870
60692362
63270062
60316844
60115303
59940391
59819028
60070193
60273798
59951829
59961964
60698800
59744259
59945422
59473485
59868126
59946228
59929899
60351329
60094000
60634451
59908951
60366186
59663703
60137755
59955931
59960825
59771589
60166535
60101280
60062358
60025474
60342000
59975118
59666106
60954217
59576317
60693054
59355537
60021651
59773040
60495750
59438692
60302492
59366073
59930114
59942179
60070144
60323052
59603790
60117018
60108927
62569575
60202952
59902460
59834793
60023259
59904752
59607676
59663333
59987017
60215432
59470446
59948255
59821024
59920348
59933552
59609162
60310549
59869294
60464144
59966926
59997414
60692875
59973584
59991540
60337708
60032438
59633876
61629926
60007548
59998876
60148247
60112036
59483417
60097798
62863618
59996850
59990703
59763208
60078297
60121325
60614870
61611039
59619972
60012197
60144133
59964181
60123820
59613433
71594311
60477230
59842579
60259251
60172233
59989373
59936522
59933218
59816804
59422082
60042152
59919974
59870606
59800362
59630529
60520504
60136698
59985685
60032613
59478212
60455007
60540390
60144942
60151447
59249822
63682162
59717793
60015983
60061025
59352299
59742537
59715245
60176124
60025098
64201733
60144873
60155576
60339434
59619335
60144100
59587708
59777988
60186914
60121620
59626874
59813022
60296059
59923737
60145869
59901941
59808631
59406538
59842295
60519628
59901593
59952819
59936627
60056727
59976458
59947620
60496333
60441687
60076041
60590702
59471508
59050624
60011253
60156833
59639540
60029605
60314520
60118029
60005401
60117735
59846831
60173717
59941211
60161653
59595196
60383531
60139913
59885241
60037967
60868325
60065219
59969502
59984262
60303022
60475880
59786540
59906253
60027541
59985899
62742784
59801020
59867127
64888594
59827988
60170877
59711098
61535632
60524118
66621174
59984183
60379846
59919259
60662641
59840043
60309497
60001883
59991220
59813744
59722660
60733787
59914914
60328890
59929361
60092227
60135280
59805793
60147811
59728169
63165405
60246433
60074502
59780361
59830714
59597370
59186528
59436868
59926786
60314181
59947495
60141788
60529441
60480019
59927728
60169230
59775218
59995190
59491076
59986185
59955389
62038410
60075274
60202921
60064685
60036081
60466195
60174505
59853970
59982441
64862476
59007136
59821678
60226904
60004211
60172580
59924787
59940236
60007871
60115806
59834982
59598454
60699225
60350059
59987269
59758194
59753011
60393753
60378600
60038250
60006271
59965890
60158835
59533480
60088626
59975571
60169362
60315422
60007858
59458818
60212012
59856648
60699893
59994561
59654433
60800813
60353402
59756529
59912142
61593615
61404241
59570357
59981232
59936600
60121355
60323985
59981498
60150449
59910727
60398839
59786515
60135540
60085750
59966668
60005358
60638640
59784135
59793894
59981253
59834607
59273942
59539799
59983299
59648400
59971597
59885223
60470824
60143225
59544164
60677294
59924882
59920169
59971032
59582683
63855789
60268895
59899709
60439853
59815737
61093907
62593154
60264222
59684908
59793765
60101874
61182622
60952480
59947901
59995566
60009185
59962855
59919486
60104881
60152254
59896495
60228691
59939560
59661359
60200664
63310335
59943523
60210066
59970136
60192886
59968287
59968520
59389365
59968117
61179684
60181569
59801528
60112566
60370467
59903464
59845386
60263287
59873553
60078389
60096141
60533904
59973924
59969791
59670847
59886715
60032141
59623157
60309751
60000164
60424462
59995267
59015606
59731805
59999584
59935505
59576988
59754347
60191907
59953507
60527159
59740705
60040313
59984326
59974059
59577532
59682405
60083324
59399873
60942538
59908116
59951036
59850423
59399471
59390792
60392215
60396422
62017336
59703880
59983647
59992184
59803072
60113252
60153096
60137830
60191485
59947496
60188458
60048132
60007860
58866197
59253794
59524170
60094246
59937703
60063934
59058519
60009050
59796826
59849210
58591064
60563665
61797319
61868334
60011067
59954182
59790762
60459261
59790532
61139186
62601450
60883778
60317877
60945402
59983701
60193629
59965613
62941281
59359489
60871938
60017646
60152127
59843018
59815487
60321017
59990390
59491640
60032552
60018206
60100417
60306739
59932803
60211572
60312496
59980828
59924368
59436854
59852332
60096437
59929141
59656065
61448686
60077904
60625150
59378082
59843902
59895110
60009676
59969886
61071303
60800164
60348896
60403872
59636636
59927368
59936031
60573366
59951893
59971040
59853841
60181507
60580901
59976791
60311957
59761648
60200137
60221033
60025638
59935293
59955371
59900129
59965715
59908980
59912748
60269261
59963177
59979310
60058898
60290361
59765585
59952164
60934959
60332204
59918426
59806237
59822700
61340423
60634795
60300883
60561289
59741817
59976174
59962051
60138606
60144612
61213925
60168995
59936403
60028405
59815051
59503697
60320051
60534059
59952716
60000807
59941342
60161718
60280204
59950855
59728569
59874146
59918648
60195104
60173671
59908538
60001465
59750169
59787520
60146744
59815846
59978013
59953417
60240809
61474847
60059478
59942287
59827988
59801252
59935541
63868383
60148972
60030075
59984704
60108958
59936402
59807895
60139664
60474659
60011296
60127386
59477134
59009795
60123958
59841000
59926165
60605472
60168408
59870574
60814896
60322313
60252245
60109082
59760393
60005165
59900294
59717717
59759834
59946797
59986159
59898232
59076814
60136030
59991664
60229277
60046767
59760851
60094760
60133566
60033667
60038435
59952874
60012385
59638443
59956680
60120449
60314193
59946132
59972420
59889158
60185672
59949493
59987242
59943906
59674656
60131751
60217632
59819876
59976180
60001688
60166685
60323895
59985761
59997223
59473212
61050318
60725858
61730449
59995936
59992102
60087883
59802294
59989723
59890768
59965935
59813239
60647167
60973962
59961547
60061466
60118906
346540048
324825958
60288236
61334887
60203469
59986886
59656581
59523060
60051725
59941737
60578395
59989049
60228545
60041126
59669202
60132051
59924616
59936552
60127070
59940456
59999427
59935973
60012275
60615347
60317166
59678115
59924807
60006385
59818854
60252841
61192019
59847651
59996146
59956006
60181237
60265950
59959478
59640011
59976986
60548292
60069329
60267941
60290528
60203912
60328907
60188952
60438014
59802181
60520251
61329618
59568614
59450838
59981025
59623364
60025477
60129753
60098607
59288721
61747837
59463824
60378114
59399408
59516853
59964064
59520141
60542741
59777769
59433202
59455833
59481833
59594345
59599369
59699661
61912590
60675867
60362101
60342083
59568800
59839564
59542241
61064069
60437912
59980848
60156187
59916462
59963059
59966467
59929106
60165665
59988292
59526041
59626710
59975312
60841079
60035653
60065813
59632649
60010485
59781513
60244875
60094032
59521668
60045655
59925786
59973693
59897781
59277092
60240813
63970926
60691121
60292622
59591498
60138061
60226928
59951570
60175621
59708229
59961833
60355819
59903844
60200865
60003249
60402805
59935055
60157958
60223561
59466263
60221536
60024195
61728268
59815236
60330013
59846523
60702467
60134515
60019074
59793801
60105580
59970106
60213171
60157997
59796667
59618057
59939498
61589794
60996560
60146405
60201399
59832566
60371669
60865339
59997785
62092490
59802741
60008646
59836685
59587853
59822253
59984188
59483696
59951603
59625197
60532924
60491907
59805205
59915613
59447847
60481364
59802983
60422975
59639000
59627636
59751320
60270118
59948009
59917780
60132328
60046022
59429900
60142137
60150950
59827209
60165047
60144666
59872928
60493511
59805028
59807036
59603834
59666007
59742104
60524604
60335349
59462322
59918093
59828397
59857515
59854517
60336985
60067449
59828054
59852952
59896067
59797433
59848396
59963534
59888730
59986084
59592391
59928264
59787821
59963770
60058252
61041183
59974561
59944606
60003606
59961825
60128157
59854101
59987323
60477976
60875100
59969986
59981118
61195813
62291598
60855215
60000223
60697404
59839194
59916014
59799447
60004727
59888241
59492111
60342791
60043596
59830545
59983019
59355227
60034200
59912691
59896879
59953917
59758516
60843016
59307332
60536128
60154990
59675807
59993507
59594537
60164019
59966378
59956265
59993061
59395397
59978784
59968603
60269205
60119071
59770940
59976665
60160707
58967024
332793198
59578070
60538652
59957780
60102089
59918643
59882857
60023251
59989144
59757405
60499440
61024071
59810292
60186228
59580859
59931068
60501948
60028223
66917296
60806053
59809079
60300307
59994405
59792935
60021606
60803538
59769961
59822116
60251812
59972705
59949573
60000981
61378744
59689833
60335623
60121304
59662887
60092059
61890896
59985986
59997254
60840033
59966369
61376679
60156711
60964223
60044528
60859965
59983218
60670773
59831868
59837475
60730044
60488621
60833445
59965440
59935608
60161922
60382341
59877844
59793962
59984489
59958812
60155044
59904212
60020700
59779498
59967448
59631452
60022561
59884592
59635379
59763703
59861793
60060191
60137603
59569213
59800835
59966893
59965717
59792517
60017938
61603282
59904306
60029485
59677867
59477620
59469827
59969668
59960119
59916225
59525853
59806677
59942117
59651831
60075068
59496670
60741819
59967898
61389932
60022111
60512296
60100114
59960299
59972566
59806138
61505138
60298227
60130955
60018139
60140529
59762901
61186666
60156362
60177793
59967799
59634148
59834197
60311895
59424288
60635514
60667386
60311613
59149618
59768964
59567285
60159036
60140031
60014390
59693946
60172442
59585278
59977306
60095647
60004229
60143596
59992684
61876849
60227427
59730201
59977569
60154060
59973498
60222640
59543592
59842616
60107413
59823106
60238097
59586795
59790212
59551951
59762755
59788609
59579613
59495107
59923513
59613264
60110024
59978806
59765523
60021831
59682202
59892960
60125826
60248742
59966054
59860494
60859211
60272529
60045697
59929664
60100102
60006842
59919313
59962906
59883963
59422294
60946847
59286903
58497099
60730632
62547299
60147849
59999265
59710218
60495213
60089317
60474034
59914876
59954997
62122254
59777166
60354340
59955615
60071750
59799451
59939985
59836524
59810956
59822174
59880718
59855503
60391507
60044518
60713639
60172257
59772201
60151240
60678313
60177759
60317144
59999946
59712697
60487499
60183588
60505441
59985814
59972649
61028797
59341305
59986570
59954218
60102798
59938683
63704562
59793526
59660205
59785056
59794232
60301171
61449548
59577077
59815363
60130525
59454446
59773416
60297969
59576780
59772709
59952780
60127436
60317854
59618663
59889042
59754908
61766776
59766570
59493273
59927999
59929860
60207546
60980014
59464590
60566220
59840496
60850075
60183491
61665184
60655230
59936396
59770421
59970786
59605873
60109293
59793091
60452794
59988174
59757573
60093937
59963391
59757810
59979199
60896159
59294722
59798913
60371271
59819850
59455555
59805794
60556744
59799913
59703557
59779337
59791059
60045044
59973540
61730309
59566119
59949574
59968539
60510840
59806751
60706323
60667184
59585105
59864261
59958900
59836937
59775452
59940633
59908416
59804973
60147207
59912901
60131749
60230106
60077370
60235291
60066402
59923694
60228215
60150324
59927817
59808122
59947141
59827545
59749850
61030571
60283820
59819144
61993714
59943113
60480176
60068083
60931708
60500265
60321580
59786774
60126277
59793186
59791504
59895368
59930626
60135825
59917641
61408199
60024499
59981501
59960156
59243615
59981071
60549852
59913723
60071397
62809344
59629743
59991239
59856283
60183751
59722158
59940507
59279132
59980069
59436357
60446069
59909815
59805106
59965430
60373836
60259279
59907212
59957267
59934025
59804771
59923604
59643037
59931673
60266359
59789004
62204623
59241038
59427654
59937054
59899013
59967704
60954555
59839129
59930563
59616285
59801442
59811398
60142745
60947262
59655969
59975235
59905451
59809847
338328249
60030586
59969939
59974330
60868893
59989178
59569633
59597560
59605738
60031291
60677334
59785817
60233753
60165499
59464219
59960512
59850160
59932399
60053810
60401988
60151580
60064291
60047700
59965749
59484992
60337499
59946006
59430444
60040372
59599414
59881709
60138225
60119006
60034649
59664947
60036936
60200033
59727596
60161958
59647861
60201838
59935749
59879464
59946921
59293694
59848747
59734599
59690461
59810081
62610549
60713431
60191054
59979651
59992854
60538554
59925408
59820759
59980661
59937469
59600432
60319124
59968820
59857198
60185939
59624208
60335564
60651552
59991394
59933981
59632749
63707464
59944277
60322958
59981250
59714691
60135576
60303444
59761908
59813981
59428237
60201813
60065957
60150811
60123574
59675321
59801259
59909294
59945852
60155204
59548396
60122022
59948471
60018312
59944948
59815340
59868029
60021462
59802119
59751824
59928585
59819204
59994981
59795878
60204886
59612400
60068088
59919708
60151172
59919377
60164687
60081943
59959644
59874412
60181887
60128598
60377322
60062587
61162542
62556451
59954958
60734733
60880085
60053185
60173042
59957280
59927483
59978375
63191035
59835897
59919743
59954035
64400767
59593971
60433654
60055448
60733097
59969686
59944774
59627500
59995404
60199734
60101944
59947886
59802186
60358661
60097962
59847041
59449129
59929576
61046347
59961888
59736126
62051153
59807603
60132453
59963708
59964816
60145020
59947267
60669370
61231574
59260616
60124997
61267040
60969892
60065058
59958521
59592864
59988511
59448945
59947969
60284747
59843697
59915744
60146807
60297665
59994538
59578489
59588373
60126829
59576205
59830855
60058501
59825447
59961347
62774466
60332426
60596896
60001931
60106523
59841781
60324330
59946419
59468244
59814308
59953435
59965650
60112446
59584935
68240793
59148865
59794042
59679055
60324584
59871218
60840919
59911875
59989241
59649600
59797388
60003398
60815152
60115699
59713918
59834655
60271717
61566299
59795717
59422802
60032175
59818225
59587286
59623309
65870972
60314519
71907573
60311790
60119089
59974576
60147969
60170808
59976691
60371718
60624648
60527549
60345511
60091198
59541818
60158317
61129241
59983571
59994380
59769096
59921523
60087320
59835896
60102084
60264003
60153168
60095636
60281898
60041374
59969420
60153822
59976519
60064169
60180322
60139529
60342819
59840579
59783837
60025961
60220161
60168101
60059979
59827782
61015228
59447118
60096414
59972901
59913277
60328598
59725887
60079747
59844928
59975491
59997710
60181028
59971044
59939554
60284837
60293897
60121220
59920602
62407400
60150001
60748057
60142517
59942357
60124718
60517880
60524164
60440307
59987112
59908337
59992062
60107839
60028605
63271940
59970434
59669130
59763399
60155619
60037066
60346587
59934936
59540224
59726679
60138364
60315573
60004827
59358015
60773197
59927073
60034675
59692200
59797595
60162967
63667803
60042072
59751190
59666962
59944100
60578416
59972103
59582495
59910393
60280008
60759339
59908235
59289275
60020611
60174401
59781407
59900034
60333929
59959456
59812388
61297704
59964677
59807025
60280714
59879051
59907073
59675351
59897438
60825349
59447310
59938382
59809331
59940256
59851002
59964303
59940327
60165165
60518337
59959612
59972493
60264798
59755003
59883017
60141379
60164831
59602552
59917717
60116534
59941491
59575556
60373857
60683695
60007446
59914362
60163251
59972147
60206189
59837755
62381093
60626426
59673452
59620532
59704805
59475085
59728747
60250866
61729188
60263329
59768017
59425196
60095526
59836510
59701451
59392826
59916731
59975089
60024495
59910304
59899562
60568749
59413264
60175838
60103216
60480794
59969601
60038795
60118152
59625997
59863922
59563227
60004276
60506405
59631151
60106564
60196194
59649781
60104173
59601095
60008745
59823103
60137743
59896760
59813039
59846868
60150315
59948960
60316762
59990928
321277370
60210816
59971425
60156111
59943165
60175539
60022685
60194300
60107894
59975971
60079999
60152600
60109052
60479672
60180442
59915087
60437039
60683125
60166483
60130145
60804808
59327551
64731922
59822049
60883788
60089177
60004087
61366044
59842532
59746256
60021169
59874421
60106682
59967324
59923495
59858480
61791119
59792395
59979232
60021008
59444782
60519965
59942806
59932011
60049544
60393530
59898537
59833172
60151013
60699595
60033522
59540086
60022847
59608520
60148336
60100897
59623510
59978895
59980358
59807975
60641462
59921709
59814329
59948789
59956100
60225382
59968229
59978274
60013519
60022093
60006003
61403420
59659084
60076824
59960586
59716230
59094051
60173179
60129565
59345796
59967861
59936965
59584760
59941029
59966312
68503316
59458104
59592955
337214056
59787586
60075313
59888950
61187232
59870025
60037184
60266256
59958987
59798143
60165702
60787538
60274950
59992848
59380276
60027569
60047857
59974922
59402771
61424853
59630401
59882382
59973626
59787235
60100102
60026673
60003035
60175240
59863509
60441060
59954437
60379165
63832707
59420844
59428807
60188707
60327565
60037930
59773777
60688272
59897763
60098694
59798234
59450183
59896687
59894202
61910364
60037437
60255386
59938072
59714173
60075437
60342498
59960909
59992493
59720746
60605011
59988613
60004412
59466395
60309979
59968173
59922542
59762137
60005170
59598660
60005736
60161535
60236098
59867474
59541273
60058624
59951934
60177612
61035063
60319768
60149450
60117952
60126150
59959581
59714635
59968653
59995310
60015854
59868448
59711217
59930403
60271637
60092632
60168934
60276852
60315772
59946323
59893051
60159934
59557858
59773673
60002193
59374692
59951786
59757350
60168375
59860959
59941333
60004583
59775207
59768291
59984627
61387375
64886072
59467958
59972262
60391257
60025306
60284340
59486910
62249884
59906703
59887094
59947833
60464162
60115586
59828059
59970872
59324819
60045338
59956789
60123685
60146470
59997570
62242293
59597237
60018586
59906858
59912242
59943282
59852179
60010487
59714978
60380932
60380138
59601287
60324020
59935347
60126102
60015584
59684713
59906425
59937532
60116378
60131602
59579381
59999533
60031911
60024617
59815451
60174801
60205514
59921020
60682199
59787472
59653565
59787745
60185479
59975450
59958816
59578717
60054324
59870430
59963619
60356641
59613208
59987437
59992920
60278946
59928672
59377940
60138026
60011063
59931404
60644467
60296034
61395367
60090047
59719948
60524517
60302205
60115720
60905915
59967139
60518982
58724866
59980961
59963693
59936450
59925367
59592642
59890221
59940431
60010856
59984669
59677434
59979218
60368660
60210906
60313709
59639404
59999945
60014498
60192988
59991923
59726038
60113764
62912553
59994185
59653406
59923557
60873100
60002309
59773943
59649958
59976406
59903855
60031170
60080665
60926721
60007134
61023292
59974897
62814770
60027705
59617321
59971413
60007792
59447229
59899332
60309988
59965596
59857778
59889088
65859774
60031652
60123704
59830330
59951937
60018611
59975092
59953906
59964439
60198142
59989005
61735377
60151087
60478744
60004884
59923858
59981803
60078276
59974628
59960363
60128013
60135853
60503913
60027686
59967095
62736153
59731109
59995959
59857178
60082420
60344799
60023946
60811755
59926491
60108034
59107496
59949072
59889008
60306269
59985588
60128095
59812112
60434367
58878311
59955090
60067475
60182040
60139989
59961881
59913122
60192446
59939957
60128884
59984178
59946749
59965391
59446463
60671026
60169550
60086095
59618924
60634782
60346576
59960614
60003995
59801068
60016727
59835125
59743314
59948549
59342043
60315979
60129270
60407779
59927305
59624999
59973054
59955424
60358219
60247983
59465741
59886913
59963555
60054476
59986129
59596177
59973107
59904745
59960389
60081570
59523968
60086613
60092103
60222433
60614194
59650303
60001677
60160390
60023650
59944544
59827240
60003402
59979717
59952686
60892540
60501445
60026215
59870247
60290627
60009214
63358784
59981065
60009464
60299081
59784124
59689142
59987499
61262186
60000327
59972164
59458832
60124368
60181249
59986190
60019674
59563134
60674591
59593564
60008772
59989868
59541680
60582416
60185910
62619693
60019946
59635410
60177232
61584611
60009626
60145448
59828525
59959629
60140411
59933646
59859866
59989528
60091782
59992430
60036339
59923475
61827416
60007122
60003027
60018938
60676303
59883651
59950319
59477642
59960619
59441706
60131496
59411054
60003046
60042018
59943655
61052532
61595924
59589842
59934316
59790357
59960281
59974920
59720193
60138979
60556703
59938779
59934022
59902863
64526424
60946229
59861104
59757958
59971295
60033745
59961605
59948716
59689456
59810796
59822968
60176086
60497401
59757711
59760487
59796781
59643394
59949027
59566505
59936296
59913933
59983823
59683944
60200187
60345805
59960462
60145960
59655091
59892462
60088843
60004638
60978243
60331816
59900686
59977852
59975997
60023516
59935094
60879738
60166504
59936947
64573071
60162940
60673401
60335536
59370994
60288542
59810607
59841036
59999035
59745301
59920343
59934336
59859259
60162120
59927652
59966656
59969739
59632873
60371124
60262470
59983460
59955226
60236084
60146226
59837343
59995539
60669915
58909991
61473287
59197111
60349025
59934085
59374912
59644870
60146151
59853935
60483141
59453761
59993295
60353594
60021913
60346921
59717332
60015684
59613639
60004140
60328136
59663126
60169274
59941357
59819461
60219799
59693998
61611386
60375772
60001226
61253197
59948424
60182004
59984575
59933337
60078402
59700500
59951044
59977692
60342794
60067297
60348426
59928157
59948952
60011341
60014323
59759227
59973096
60165939
59941975
65442130
59677673
60037961
59773901
59868730
60001872
60178952
60005773
59797754
59659662
59981239
59429726
59883938
60541200
59870671
60161927
59958909
59287287
59983649
59997692
59953109
60360783
59527537
60007688
59939551
60102390
60068203
59627887
59976041
63521410
59923561
59906368
59454602
60181509
60050306
60319208
59957261
59567772
59869717
60312623
59959903
60225973
59924232
59751343
59960156
59940072
59818940
59596673
59349143
59962549
59997866
59816516
59499390
60030681
59918505
60317056
60167408
59428726
59890516
60127300
60118544
60933754
59984501
59801618
61037658
59948279
59796198
59760195
60148312
60068717
60173663
61756205
59825954
59741495
60035572
60198413
60047415
59943886
59643955
60658350
59945794
59612759
59980028
59998991
60377410
60110769
60174747
59987332
60001528
59951145
59634317
59958566
60151604
59503504
60023535
59450701
60373007
60033335
59741595
59967180
59873508
61046030
59961100
59779270
59990570
59958393
59808111
60080021
60184306
60024955
59969821
60098160
60362245
60249213
60142862
60313855
59978804
59963923
60004628
59772168
60104569
59795882
64212989
60718232
59565126
59977112
59512788
60156979
59989524
60843095
59957676
60108407
59978657
59977728
60336920
59981966
59923959
60071946
59981168
60849645
61238096
59532676
61157110
59977174
60722807
59748674
59351285
59796793
60134075
59938268
60018979
59978101
60513225
59810481
60131561
59931552
60139025
59811239
59998017
59698477
59910515
59819482
60138283
59470326
59800979
59747474
60286140
59836984
60064640
59815787
59886947
59898987
59937787
60018605
59268573
59812950
59527012
59996518
59959692
59860681
59979238
59962665
60039659
59716624
59360598
60031450
60186187
60675337
59841819
59456330
60124849
59714443
59823433
59987687
59398643
59663491
59810441
59984713
59970418
59773895
59801687
60689806
60610299
60113575
58668487
60000645
60137345
59787359
59655945
59418207
59606046
59962915
59775259
59916142
59385410
60137409
59948560
59963257
60018598
59826860
59495799
60138014
59628074
59784683
59614315
59985887
59953202
59970573
60616296
59694053
59975496
60202030
59940850
59950207
59551399
59846610
60335042
59955744
60015307
59636010
60995463
59930814
60068119
60196802
60650888
59986092
62781617
59885970
59798459
59798175
60083780
60162372
59846530
59810050
59452142
59795386
59429125
61632442
59923712
67378357
59994807
59756631
60357726
59923995
59575743
59642130
59969293
59960292
60850345
60322598
60096709
59783580
60138567
60027014
61189763
59782158
60214636
60057901
59860629
68397756
59819508
59885339
60100108
59960855
60416445
59544308
60490251
60317220
61736677
61898310
59974148
60111409
60113185
60655022
60485422
60318630
59446226
59827557
60325162
66150834
59995780
59658369
59976736
