1 41160 85
2 26695 250
3 11680 148
4 7433 157
5 7494 183
6 7624 250
7 7576 263
8 7326 253
9 7337 307
10 7699 131
11 7388 290
12 7373 247
13 8679 190
14 7489 292
15 7499 256
16 8307 219
17 7568 393
18 7393 279
19 7629 199
20 7265 193
21 7385 213
22 7473 239
23 7783 343
24 7616 214
25 7973 321
26 7687 108
27 7359 157
28 7401 263
29 8030 145
30 7625 240
31 8057 265
32 7545 207
33 7514 276
34 7465 222
35 7732 119
36 7414 246
37 7448 169
38 7537 173
39 7415 197
40 7254 276
41 7486 303
42 7353 208
43 7420 157
44 7548 141
45 7714 190
46 7676 290
47 7449 346
48 7814 178
49 29165 14609
50 7440 200
51 7428 399
52 7448 217
53 7611 239
54 7685 329
55 7467 179
56 7400 214
57 7320 293
58 7664 238
59 8947 254
60 7683 219
61 7805 225
62 7511 223
63 7671 276
64 7553 143
65 7632 387
66 7540 288
67 7394 157
68 9313 2537
69 7409 208
70 7433 222
71 7484 255
72 7738 615
73 7424 302
74 20231 105
75 7826 232
76 7298 302
77 7940 630
78 7378 179
79 7364 118
80 7651 259
81 7404 240
82 7347 209
83 7438 310
84 7259 41
85 7306 196
86 7436 262
87 7512 389
88 7277 92
89 7327 292
90 7243 399
91 7614 158
92 7297 282
93 7446 216
94 7356 265
95 7376 207
96 7667 350
97 7424 97
98 7483 280
99 7491 241
100 7408 180
101 7701 242
102 7511 205
103 7278 100
104 7277 191
105 7383 183
106 7387 270
107 7294 8
108 7255 199
109 7423 315
110 7313 152
111 7339 234
112 7606 381
113 7269 155
114 7438 240
115 7373 369
116 7290 142
117 7384 362
118 7272 286
119 7233 119
120 7385 235
121 7919 281
122 7379 162
123 7358 248
124 7332 305
125 7249 132
126 7542 155
127 12122 272
128 7614 235
129 7281 249
130 7402 259
131 7430 388
132 7462 263
133 7369 188
134 7391 271
135 7303 56
136 7361 206
137 7460 358
138 7227 167
139 25204 188
140 13129 4545
141 9392 677
142 7227 181
143 7501 305
144 7595 175
145 7199 126
146 7208 15
147 7432 296
148 7186 152
149 7524 230
150 7428 109
151 7581 259
152 7388 273
153 7586 285
154 7331 293
155 7301 173
156 7553 267
157 7421 265
158 7465 138
159 7475 112
160 7812 214
161 18238 10877
162 7407 156
163 7505 207
164 7758 471
165 13241 5880
166 7671 385
167 7657 337
168 7424 194
169 7464 206
170 7384 214
171 7225 197
172 7479 208
173 7432 204
174 7385 246
175 7412 256
176 7528 167
177 7257 47
178 7320 174
179 7435 306
180 7355 236
181 7842 149
182 7412 201
183 7407 249
184 7420 316
185 7294 262
186 7485 240
187 7517 176
188 7432 225
189 7693 255
190 7437 319
191 7460 255
192 7514 153
193 7479 261
194 7418 149
195 7457 199
196 7421 287
197 7655 325
198 7225 213
199 7285 226
200 7370 403
201 7245 151
202 7447 239
203 7428 243
204 7272 79
205 7297 250
206 7244 150
207 7301 195
208 7546 231
209 7473 224
210 7860 185
211 7550 272
212 7356 196
213 7489 207
214 7421 172
215 7259 296
216 7519 267
217 7309 169
218 7286 201
219 7415 216
220 7364 222
221 7397 239
222 7391 242
223 7425 209
224 7572 236
225 7524 244
226 7442 194
227 7876 284
228 7427 371
229 7203 63
230 7477 123
231 7383 297
232 7647 104
233 7197 187
234 7306 309
235 7286 111
236 7185 194
237 7247 198
238 7517 288
239 7188 202
240 7506 316
241 7466 59
242 7471 162
243 7404 187
244 7468 173
245 7313 208
246 7478 180
247 7519 225
248 7341 201
249 7450 299
250 7485 216
251 7416 240
252 7317 256
253 7395 251
254 7682 120
255 7561 272
256 7684 274
258 7394 167
259 7312 172
260 7247 446
261 7198 69
262 7530 181
263 7368 378
264 7467 198
265 7295 243
266 7296 368
267 7468 199
268 7423 85
269 7542 406
270 7325 285
271 7576 28
272 7410 430
273 7367 197
274 7277 22
275 7277 165
276 7344 182
277 7314 98
278 7475 269
279 7240 387
280 7345 76
281 7302 193
282 7508 290
283 7317 57
284 7131 201
285 7418 358
286 7344 255
287 7482 222
288 7539 303
289 7395 271
290 7440 126
291 7247 390
292 7403 304
293 7565 157
294 7402 404
295 7405 210
296 7997 825
297 7416 298
298 7196 220
299 7303 120
300 7351 375
301 7392 362
302 7324 194
303 7413 408
304 7428 208
305 7277 55
306 7379 232
307 7429 272
308 13773 6976
309 7361 322
310 7458 212
311 7296 173
312 7352 277
313 7413 303
314 7297 81
315 7553 259
316 7309 223
317 8151 223
318 7841 271
319 7808 401
320 8042 132
321 7349 292
322 7297 201
323 7556 165
324 7625 215
325 7490 278
326 7392 91
327 7408 156
328 7257 240
329 9569 2668
330 7374 243
331 7677 326
332 7373 210
333 7290 223
334 7365 326
335 7297 219
336 7490 79
337 7385 318
338 7320 296
339 7668 171
340 7567 384
341 7408 191
342 7323 97
343 7458 244
344 7506 376
345 7218 92
346 7337 189
347 7347 347
348 7377 267
349 7316 189
350 7373 273
351 7366 200
352 7607 171
353 7422 269
354 7408 162
355 7305 91
356 7421 275
357 7271 106
358 7175 17
359 7356 173
360 7363 319
361 7672 192
362 7691 238
363 7336 268
364 7341 27
365 7255 281
366 7584 269
367 7183 60
368 7446 291
369 7443 321
370 7419 174
371 7249 231
372 7233 334
373 7292 54
374 7360 243
375 7228 333
376 7476 82
377 7338 269
378 7536 344
379 7362 19
380 7357 237
381 7289 455
382 7425 129
383 7422 213
384 7658 335
385 7374 197
386 7503 261
387 7356 263
388 7305 157
389 7404 283
390 7409 281
391 7517 114
392 7360 223
393 7379 300
394 7335 118
395 7378 177
396 7329 354
397 7214 87
398 7251 241
399 7353 241
400 7350 235
401 13306 6151
402 7398 150
403 7516 302
404 7427 194
405 7544 275
406 7288 179
407 7343 271
408 7450 154
409 7491 294
410 7487 182
411 7313 245
412 7468 380
413 7446 166
414 7420 125
415 7464 260
416 7575 188
417 7353 58
418 7519 292
419 7411 167
420 7295 126
421 20093 12492
422 7286 284
423 7356 198
424 7488 209
425 7211 185
426 7486 300
427 7432 292
428 7759 180
429 7420 204
430 7228 319
431 7510 220
432 7452 195
433 7443 272
434 7300 216
435 7426 221
436 7291 204
437 7659 236
438 7450 286
439 7404 275
440 7263 123
441 7367 275
442 7442 247
443 7273 221
444 7253 260
445 7569 258
446 7435 253
447 7382 219
448 7576 344
449 7617 173
450 7328 175
451 7379 53
452 7289 229
453 7450 374
454 7247 60
455 7433 288
456 7434 316
457 7202 37
458 7518 180
459 7487 225
460 7365 205
461 7378 313
462 7421 18
463 7321 179
464 7435 368
465 7228 137
466 7431 340
467 7378 270
468 7337 16
469 7374 203
470 7280 406
471 7529 86
472 7445 166
473 7254 227
474 7249 90
475 7485 280
476 7369 215
477 7489 104
478 7325 208
479 7263 327
480 7657 159
481 7491 262
482 7495 186
483 8142 798
484 7331 239
485 7461 271
486 7375 153
487 7336 200
488 7283 338
489 7308 136
490 7375 257
491 7382 315
492 7664 77
493 7292 188
494 7401 177
495 7252 237
496 7536 221
497 7341 94
498 7401 225
499 7442 295
500 7443 216
501 7530 214
502 7365 337
503 7397 263
504 7426 216
505 7437 213
506 7365 299
507 7342 226
508 7432 172
509 7194 274
510 7511 217
511 7624 125
512 7573 263
513 7205 352
514 7180 91
515 7436 238
516 7305 310
517 7300 204
518 7203 232
519 7348 244
520 7255 207
521 7320 257
522 7369 120
523 7265 194
524 7443 292
525 7190 152
526 7213 187
527 7315 370
528 7489 240
529 7435 429
530 7225 160
531 7324 314
532 7329 243
533 7277 137
534 7411 312
535 7319 280
536 7255 149
537 7152 172
538 7472 304
539 7142 133
541 20179 173
542 7453 148
543 7395 237
544 7445 270
545 7206 252
546 7368 287
547 7377 164
548 7260 204
549 7307 230
550 7468 274
551 7294 257
552 7186 345
553 7531 180
554 7328 287
555 7465 396
556 7175 267
557 7223 231
558 7272 89
559 7184 206
560 7399 238
561 7445 216
562 7342 266
563 7292 329
564 7264 203
565 7286 299
566 7459 180
567 7347 326
568 7379 267
569 14741 7887
570 7247 297
571 7264 152
572 7345 309
573 7389 297
574 7400 196
575 7337 272
576 7524 271
577 7268 345
578 7389 236
579 7348 110
580 7425 169
581 7460 317
582 7403 171
583 7199 160
584 7273 394
585 7172 124
586 7379 203
587 7353 342
588 7200 242
589 7880 655
590 7411 239
591 7385 263
592 7488 167
593 7191 52
594 19136 12278
595 7118 222
596 7261 103
597 7225 163
598 7386 364
599 7178 38
600 7202 129
601 7367 373
602 7247 21
603 7381 185
604 7223 296
605 7250 211
606 7183 401
607 7183 62
608 7570 240
609 7410 265
610 7409 119
611 7429 180
612 7352 382
613 7331 185
614 7313 291
615 7401 154
616 7229 223
617 7428 244
618 7325 106
619 7344 199
620 7363 409
621 7353 38
622 7425 155
623 7307 286
624 7274 101
625 7403 199
626 7391 300
627 7267 166
628 7222 199
629 7201 107
630 7425 216
631 7244 175
632 7256 129
633 7244 241
634 7326 343
635 7183 191
636 7237 190
637 7324 173
638 7273 165
639 7389 209
640 7672 231
641 7386 228
642 7165 342
643 7113 144
644 7310 231
645 7374 236
646 7220 241
647 7123 213
648 7417 74
649 7213 261
650 7247 346
651 7207 97
652 7297 230
653 7414 403
654 7203 74
655 7326 80
656 7490 164
657 7242 231
658 7273 302
659 7945 1113
660 7237 205
661 7381 98
662 14761 7449
663 7266 170
664 7304 53
665 7504 281
666 7163 251
667 7101 268
668 7320 280
669 7153 39
670 7413 399
671 7160 183
672 7503 179
673 7291 168
674 7142 199
675 7216 139
676 7401 347
677 7281 11
678 7160 125
679 7461 361
680 7366 215
681 7546 263
682 22043 193
683 8882 1666
684 18872 11461
685 7154 227
686 7207 263
687 7431 334
688 7403 198
689 7212 7
690 7242 222
691 7250 254
692 7307 226
693 7497 177
694 7306 201
695 7319 166
696 7287 265
697 7273 183
698 7297 326
699 7340 145
700 7118 57
701 7399 220
702 7202 229
703 7518 312
704 7461 265
705 7278 199
706 7333 143
707 7342 357
708 7117 210
709 7185 23
710 7247 254
711 7274 271
712 7235 116
713 7428 320
714 7335 202
715 7154 150
716 7217 280
717 7258 306
718 7440 267
719 7166 228
720 7458 193
721 7281 210
722 7349 329
723 7401 253
724 7267 170
725 7262 182
726 7164 274
727 7319 173
728 7280 222
729 7317 246
730 7328 322
731 7261 280
732 7286 122
733 7369 391
734 7415 220
735 7191 150
736 7512 331
737 7394 389
738 7366 169
739 7430 183
740 7278 95
741 7403 398
742 7431 274
743 7179 56
744 7401 329
745 7249 191
746 7375 119
747 7266 169
748 7292 139
749 7457 322
750 7273 213
751 7882 1009
752 7466 437
753 7473 361
754 7290 40
755 7348 254
756 7114 329
757 7116 148
758 7204 444
759 7229 16
760 7302 344
761 7372 272
762 7223 120
763 7403 267
764 7371 168
765 7664 209
766 7387 379
767 7133 151
768 7323 346
769 7406 116
770 7319 135
771 7470 339
772 7272 220
773 7420 172
774 7218 345
775 7299 162
776 7331 207
777 7145 300
778 7319 99
779 7210 284
780 7214 268
781 7291 157
782 7290 258
783 7480 276
784 7318 134
785 7147 395
786 7294 101
787 7334 229
788 7379 246
789 7201 84
790 7354 198
791 7259 359
792 7167 20
793 7407 215
794 7333 379
795 7913 708
796 7305 265
797 7366 240
798 7388 72
799 7333 212
800 7540 359
801 7237 137
802 7337 147
803 7570 190
804 7377 238
805 7243 346
806 7198 115
807 7359 237
808 7364 184
809 7312 113
810 7341 329
811 7525 341
812 7170 190
813 7457 327
814 7232 106
815 7250 143
816 7365 345
817 7349 136
818 7125 149
819 7225 399
820 7386 204
821 7218 243
822 7286 155
823 7289 262
824 7387 392
825 7198 107
826 7332 256
827 7216 391
828 7295 106
829 7104 139
830 7353 257
831 11063 4212
832 7374 266
833 7316 163
834 7338 273
835 7201 322
836 7345 73
837 7301 230
838 7334 457
839 7373 95
840 7496 314
841 7189 167
842 7302 343
843 7584 275
844 7132 41
845 7373 344
846 7372 231
847 7249 29
848 7454 409
849 7222 320
850 7511 224
851 12775 6144
852 7199 17
853 7329 264
854 7369 199
855 7493 194
856 7172 166
857 7290 240
858 7266 142
859 7228 236
860 7230 124
861 7628 305
862 7214 233
863 7177 290
864 7548 209
865 7233 351
866 7259 105
867 7310 260
868 7217 254
869 7360 121
870 7295 194
871 7323 249
872 7217 253
873 7336 275
874 7390 260
875 7265 221
876 7342 203
877 7386 211
878 7195 167
879 7267 233
880 7420 161
881 7377 125
882 7163 111
883 7393 125
884 7347 192
885 7148 414
886 7237 101
887 7279 159
888 7411 316
889 7238 90
890 7317 186
891 7444 287
892 7287 122
893 7248 347
894 7456 142
895 7337 359
896 7403 251
897 7215 107
898 7289 152
899 7353 274
900 7303 93
901 7175 258
902 7220 366
903 7286 242
904 7208 212
905 7468 190
906 7182 153
907 7450 410
908 7267 27
909 7155 186
910 7288 254
911 7188 119
912 7410 309
913 7396 209
914 7262 345
915 7324 190
916 7179 107
917 7305 240
918 7266 256
919 7427 218
920 7255 274
921 7327 221
922 7350 191
923 23176 139
924 7877 688
925 19757 12403
926 7316 113
927 7441 356
928 7477 303
929 7326 19
930 7366 350
931 7312 204
932 7238 220
933 7406 55
934 7268 261
935 7241 251
936 7454 172
937 7218 218
938 7411 289
939 7288 208
940 7194 35
941 7347 234
942 7522 118
943 7459 320
944 7524 245
945 12856 5641
946 7352 201
947 11011 3869
948 7189 259
949 7277 233
950 7301 229
951 7171 284
952 7456 154
953 7390 245
954 7242 204
955 7595 138
956 7214 303
957 7322 260
958 7548 232
959 7249 140
960 7337 39
961 7320 246
962 7409 308
963 7377 173
964 7288 204
965 7351 193
966 7093 444
967 7433 231
968 7352 76
969 7351 397
970 7188 216
971 7157 127
972 7378 287
973 7217 175
974 7607 406
975 7187 326
976 7423 62
977 7357 292
978 7293 119
979 7217 44
980 7313 285
981 7469 278
982 7237 29
983 7197 389
984 7321 293
985 7222 336
986 7274 60
987 7363 321
988 7420 334
989 7213 88
990 7256 320
991 7282 264
992 7430 269
993 7383 108
994 7241 239
995 7397 285
996 7127 350
997 7105 41
998 7291 270
999 7204 231
1000 7230 73
1001 7292 440
1002 7378 313
1003 7287 118