1 25155 765
2 10689 1466
3 7813 294
4 7852 1026
5 7703 625
6 7758 1558
7 8178 296
8 8396 687
9 7598 1230
10 12917 5914
11 7720 1402
12 7828 670
13 8780 1784
14 7817 1459
15 8358 1203
16 8158 515
17 8095 1550
18 7931 1150
19 8337 1415
20 7830 1286
21 7534 1096
22 7579 1370
23 7646 1125
24 7696 887
25 7740 1167
26 7649 1766
27 7667 906
28 7858 723
29 8974 1141
30 7816 1224
31 8014 1190
32 7850 1170
33 7825 567
34 7626 721
35 7599 942
36 7740 841
37 7808 1214
38 7739 1289
39 7813 652
40 7989 1182
41 7634 1211
42 7743 336
43 7676 1100
44 7564 98
45 7755 1033
46 7639 701
47 7508 1482
48 7879 810
49 7657 643
50 7617 1039
51 7853 1049
52 7653 1380
53 7599 552
54 7822 1398
55 8704 366
56 7974 1435
57 7638 1612
58 7539 1162
59 8996 1016
60 7861 1076
61 7858 1183
62 7808 415
63 7750 1625
64 7913 1061
65 7874 913
66 7769 1211
67 7750 1478
68 7801 1014
69 7745 1341
70 7631 830
71 7620 1241
72 7858 745
73 7817 1560
74 19866 1422
75 7842 897
76 7784 917
77 7577 974
78 7916 707
79 7518 582
80 7985 559
81 7768 629
82 7556 1008
83 7655 1167
84 7785 1381
85 8012 1180
86 8088 1084
87 7821 1086
88 7965 1193
89 7641 898
90 7850 798
91 7642 1047
92 7511 1309
93 7681 877
94 7737 1547
95 7628 1245
96 7991 939
97 7814 1405
98 7745 1598
99 7883 514
100 7658 603
101 7700 866
102 7672 1108
103 7894 660
104 7727 881
105 7770 768
106 7722 1490
107 7480 811
108 7611 1607
109 7965 1373
110 7958 802
111 7670 804
112 7949 182
113 7693 1619
114 7744 840
115 7732 1002
116 7935 803
117 7486 1432
118 7810 1248
119 7678 769
120 7826 146
121 7600 851
122 7660 1464
123 7721 784
124 7638 1153
125 7737 1033
126 7635 1398
127 9505 728
128 7882 567
129 7916 1173
130 7573 615
131 7807 54
132 7538 1126
133 7791 667
134 7816 285
135 8237 1186
136 7782 1210
137 7574 529
138 7734 660
139 7828 892
140 7674 935
141 7843 1451
142 9412 718
143 21125 15113
144 7989 1481
145 7720 628
146 7797 665
147 7666 1110
148 7649 673
149 7630 811
150 7721 1395
151 7766 619
152 7808 1324
153 7632 827
154 7849 944
155 7668 1044
156 7913 1457
157 7682 564
158 7480 1502
159 7823 1443
160 7962 883
161 7777 1471
162 8102 659
163 7750 499
164 13362 7663
165 8080 1140
166 7784 1691
167 7772 975
168 7681 1000
169 17532 9842
170 7468 614
171 7673 1459
172 7516 1087
173 7629 326
174 7515 883
175 7826 666
176 7848 1018
177 7922 174
178 7744 1200
179 8098 1012
180 7747 1530
181 7591 775
182 7757 1492
183 12957 5763
184 7797 1551
185 7693 1837
186 7756 1163
187 7606 539
188 7867 510
189 7637 913
190 11977 5184
191 7714 881
192 7877 1509
193 7674 1362
194 7516 1383
195 7963 1145
196 7715 654
197 7628 1132
198 7679 558
199 7604 1150
200 7759 882
201 7829 830
202 7735 999
203 7988 754
204 8719 2105
205 7601 1432
206 7492 851
207 7692 1838
208 7716 1035
209 7758 619
210 7871 1283
211 7702 475
212 7557 962
213 7642 1494
214 7467 1551
215 7745 891
216 7654 1517
217 7735 729
218 7757 1461
219 7697 795
220 7843 1381
221 7706 531
222 7464 539
223 7774 1469
224 8000 927
225 8360 1418
226 7752 454
227 7627 1052
228 7646 1348
229 7998 1625
230 7704 1260
231 7945 281
232 7852 1242
233 7741 1293
234 7755 1107
235 7854 329
236 7583 1362
237 7614 848
238 7659 1355
239 7654 1128
240 8057 1444
241 7697 877
242 7766 938
243 7577 1374
244 7597 1133
245 7786 1115
246 7721 1273
247 8025 1091
248 7787 1027
249 7931 428
250 10962 3557
251 7640 1669
252 7739 656
253 7549 638
254 7665 1248
255 8070 860
256 7669 1277
258 7621 1457
259 7647 1338
260 7686 947
261 7700 783
262 7541 663
263 7760 1307
264 7782 1099
265 7636 942
266 7504 1494
267 7732 966
268 7640 680
269 7590 607
270 12942 6156
271 7746 521
272 7921 485
273 7747 1192
274 7724 1293
275 7531 1504
276 7634 1380
277 7538 1372
278 7665 1503
279 7608 1831
280 7626 531
281 7725 1385
282 7635 1656
283 7725 1668
284 7702 1805
285 7585 755
286 7709 1612
287 7599 541
288 7861 937
289 7644 1323
290 7719 1315
291 7515 651
292 7606 1027
293 7521 974
294 7832 1596
295 7776 843
296 7747 527
297 7715 446
298 7458 1395
299 7595 886
300 7511 807
301 7974 671
302 7676 340
303 7742 561
304 7986 808
305 7566 1237
306 7512 959
307 7560 1173
308 7723 1321
309 7649 1155
310 7498 1470
311 7560 849
312 7707 1013
313 7600 1076
314 7631 1059
315 7669 687
316 7945 1375
317 7909 724
318 7514 1224
319 7670 1382
320 8009 750
321 7807 410
322 7597 944
323 7577 679
324 7771 1447
325 7605 1001
326 7623 480
327 7650 751
328 7764 836
329 7618 933
330 7718 1093
331 7770 1759
332 7509 1391
333 7545 991
334 21351 1291
335 7555 989
336 8022 1560
337 7664 403
338 7443 1523
339 7530 916
340 7641 502
341 7533 1168
342 7807 804
343 7524 1159
344 7798 350
345 7596 863
346 7687 1064
347 7456 878
348 7754 793
349 7509 1037
350 7748 915
351 7525 1031
352 7893 1193
353 7661 641
354 7705 1166
355 7675 918
356 7493 932
357 7692 516
358 7605 1047
359 7732 1174
360 7926 1542
361 7738 1276
362 7537 1038
363 7435 422
364 7637 1335
365 7565 565
366 7697 1216
367 7618 638
368 7862 1151
369 7456 748
370 7688 1267
371 7503 1128
372 7477 1188
373 7704 1317
374 7443 349
375 7539 846
376 7906 1476
377 7543 1100
378 7636 1436
379 7740 1013
380 7738 368
381 7445 349
382 7609 882
383 7482 1289
384 7836 1664
385 7567 950
386 7751 1272
387 7691 962
388 7569 955
389 7596 1114
390 7586 495
391 7804 974
392 7766 570
393 7623 1091
394 7614 355
395 7749 1395
396 7535 840
397 7471 121
398 7620 1290
399 7495 562
400 7821 773
401 7613 1202
402 9424 445
403 21160 15273
404 7956 1486
405 7638 693
406 7979 800
407 7675 1157
408 8007 819
409 7738 913
410 7648 880
411 7654 1497
412 7568 893
413 7477 410
414 7867 1427
415 7894 804
416 7904 1194
417 7705 1146
418 7798 558
419 7440 1228
420 7881 586
421 7622 858
422 7513 520
423 7665 1464
424 12230 5990
425 7748 865
426 7644 1038
427 7575 900
428 7591 1244
429 13553 6930
430 7606 1470
431 7636 1286
432 7797 462
433 7618 361
434 7799 825
435 7668 1395
436 7770 1353
437 7529 1244
438 7621 776
439 7586 1217
440 7855 1260
441 7745 1281
442 7629 732
443 11698 4972
444 7440 223
445 7571 1322
446 7598 1119
447 7569 1262
448 7654 723
449 22779 1495
450 9549 2012
451 7656 1426
452 7682 572
453 7598 1754
454 8087 832
455 7588 525
456 7777 792
457 7595 1269
458 7594 940
459 7663 841
460 7577 918
461 7693 1225
462 7677 750
463 7693 509
464 14539 8003
465 7567 1238
466 7959 1418
467 7555 1077
468 7777 545
469 7557 859
470 7695 845
471 7470 209
472 7673 303
473 7537 814
474 7517 832
475 7755 817
476 7582 1007
477 7691 1355
478 7623 958
479 7827 1109
480 7796 1109
481 7850 993
482 7578 1234
483 7669 914
484 7529 996
485 7386 595
486 7816 1208
487 7632 706
488 7818 1260
489 7584 1068
490 7547 1226
491 7530 1310
492 7526 1125
493 7539 1155
494 7558 1399
495 7633 1326
496 7857 1635
497 7615 444
498 7635 1293
499 7529 1010
500 7730 726
501 7612 1111
502 7749 705
503 7557 207
504 7684 408
505 7650 1321
506 7646 1766
507 7622 958
508 7506 895
509 7721 710
510 10759 3270
511 7781 1468
512 7625 936
513 7650 561
514 7500 1301
515 7628 743
516 7548 1078
517 7637 677
518 7801 453
519 7752 1340
520 7762 782
521 7498 1319
522 7562 1487
523 7549 1722
524 7657 639
525 7551 886
526 7842 396
527 7861 481
528 7783 600
529 7582 816
530 20728 13980
531 7735 1381
532 7652 1021
533 7482 909
534 7556 1313
535 7521 1604
536 7834 1106
537 7491 985
538 7517 740
539 7800 1063
541 19204 984
542 7631 882
543 7653 1436
544 8003 1337
545 7677 1592
546 7639 1539
547 7608 824
548 7655 790
549 7662 845
550 7606 1235
551 7778 843
552 7627 957
553 7696 1168
554 7737 799
555 7598 1473
556 7588 570
557 7698 1066
558 7447 1110
559 7557 1137
560 7755 1342
561 7475 915
562 7591 1205
563 7687 1147
564 7913 1056
565 7528 1606
566 7534 657
567 7492 603
568 7802 1097
569 7840 1671
570 7588 1573
571 7705 1536
572 7797 584
573 7532 1524
574 22603 879
575 7711 584
576 7695 1163
577 7743 1085
578 7461 1381
579 7637 801
580 7590 1507
581 7461 1203
582 7546 839
583 7390 1761
584 7842 1437
585 7628 880
586 7637 1201
587 7852 783
588 7756 1065
589 7585 911
590 7677 1217
591 7562 181
592 7958 1034
593 7511 1059
594 21354 978
595 7608 1123
596 7685 445
597 7543 1109
598 7495 988
599 7720 862
600 7845 536
601 7606 953
602 7655 1098
603 7621 1456
604 7594 1151
605 7730 851
606 7544 1082
607 7595 644
608 7783 805
609 7712 1662
610 7726 715
611 7552 369
612 7530 1437
613 7644 379
614 7633 1184
615 7571 1244
616 7689 1503
617 7791 992
618 7634 1153
619 7537 842
620 7698 986
621 7578 954
622 7723 761
623 7486 1606
624 7743 663
625 7594 1081
626 7665 1261
627 7480 630
628 7698 943
629 7513 1202
630 7666 1280
631 7737 1357
632 7967 963
633 7791 951
634 7599 1349
635 7595 945
636 7629 623
637 7521 737
638 7621 1099
639 7642 1463
640 7719 1199
641 7653 1444
642 7598 1333
643 7947 771
644 7587 533
645 7734 1481
646 7540 1160
647 7730 697
648 7814 1670
649 7551 704
650 7545 1128
651 7736 1514
652 7547 573
653 7545 1192
654 7536 1316
655 7870 564
656 8079 787
657 7673 1310
658 7628 1624
659 7793 1543
660 7728 913
661 7577 306
662 7693 959
663 22350 16059
664 8999 3002
665 7616 1066
666 7614 1000
667 7551 1055
668 7553 861
669 7479 1081
670 8006 626
671 7661 1421
672 7979 720
673 7759 1634
674 7679 1479
675 7586 810
676 7757 870
677 7774 920
678 7714 1315
679 7597 1314
680 7821 856
681 7600 614
682 7528 1122
683 7571 1171
684 16688 9957
685 7466 1185
686 7564 1562
687 7762 1145
688 7626 754
689 14646 7840
690 7435 1240
691 7462 1047
692 7731 701
693 7708 1502
694 7629 1303
695 7594 1616
696 7650 1343
697 7571 1592
698 7651 328
699 7787 1094
700 7554 1299
701 7623 1412
702 7533 887
703 13408 6533
704 7782 1042
705 7643 1222
706 7718 732
707 7921 887
708 7560 767
709 15832 8078
710 7439 1520
711 7549 781
712 7797 1168
713 7525 884
714 7745 1253
715 7917 1191
716 7599 1039
717 7685 765
718 7640 1253
719 7874 1342
720 7858 664
721 7589 1235
722 7618 730
723 22067 1609
724 9049 2782
725 7706 1206
726 7587 872
727 7667 1189
728 7797 1133
729 7789 650
730 7580 1241
731 7535 475
732 7574 780
733 7464 1385
734 7661 1305
735 7476 1037
736 7778 1068
737 7845 1068
738 7601 710
739 7664 1619
740 7466 1264
741 7660 1015
742 7746 1589
743 7747 895
744 7944 1412
745 7839 874
746 7598 843
747 7469 815
748 7769 1099
749 7531 700
750 7562 1517
751 7516 1095
752 8073 1211
753 7713 958
754 7607 675
755 7659 1238
756 7578 1352
757 7544 440
758 7547 1176
759 7552 1194
760 7676 901
761 7757 1496
762 7498 1106
763 7475 1028
764 7541 750
765 7630 1388
766 7564 998
767 7653 1337
768 7618 816
769 25723 16602
770 10726 3984
771 7484 1395
772 7719 1236
773 7538 334
774 7591 875
775 7651 1605
776 7797 1200
777 7739 1175
778 7589 1933
779 7748 968
780 7784 929
781 7663 823
782 7562 689
783 7870 1216
784 7632 958
785 7603 960
786 7666 829
787 7837 369
788 7462 579
789 7603 761
790 16340 9503
791 7584 1187
792 7554 906
793 7559 1189
794 7722 889
795 7571 649
796 7794 966
797 7763 1260
798 7675 1132
799 7486 1369
800 8053 1307
801 7657 1511
802 7626 503
803 7738 1065
804 7637 529
805 7836 727
806 7500 1201
807 7644 1257
808 7830 1014
809 7786 1156
810 7565 1263
811 7793 1067
812 7633 1403
813 7541 1050
814 7561 1486
815 7577 1010
816 7912 530
817 7532 1215
818 7611 617
819 7562 966
820 7726 789
821 7554 400
822 7708 1403
823 7684 1480
824 7815 1221
825 7632 1447
826 7535 1105
827 7664 1146
828 7743 1038
829 7596 802
830 7560 1187
831 7777 944
832 7771 673
833 7632 1122
834 9415 893
835 16298 957
836 7576 789
837 7549 1500
838 7613 1233
839 7784 891
840 7748 775
841 7706 1929
842 7578 213
843 7699 933
844 7568 1169
845 7678 1636
846 7673 1440
847 7843 531
848 7723 526
849 7804 664
850 7761 1114
851 7642 1354
852 7904 1029
853 7622 1050
854 7658 990
855 22219 414
856 7589 1119
857 7628 860
858 7821 1188
859 7587 1355
860 7519 694
861 7537 1323
862 7433 1542
863 7705 843
864 7718 828
865 7809 1048
866 7627 298
867 7798 1436
868 7705 465
869 7593 1383
870 7581 1078
871 7625 441
872 7841 724
873 7719 995
874 7569 784
875 7459 977
876 7605 771
877 7553 1076
878 7532 1581
879 7718 618
880 7662 816
881 7552 845
882 7503 949
883 7634 1582
884 7574 983
885 7531 731
886 7499 1158
887 7855 1150
888 7816 925
889 7925 782
890 7618 1481
891 7561 1244
892 7827 478
893 7386 858
894 7474 619
895 7808 864
896 7707 1568
897 7791 1608
898 7569 967
899 7773 1470
900 7562 352
901 7652 1167
902 7555 864
903 7665 614
904 7924 1438
905 7541 782
906 7629 871
907 7467 1358
908 7692 955
909 7744 1002
910 7626 1318
911 7699 1197
912 7794 1282
913 7667 1207
914 7594 500
915 8008 1352
916 7568 1485
917 7498 1285
918 7759 986
919 7747 576
920 7624 823
921 7585 1336
922 7541 990
923 8872 1257
924 21026 14659
925 7926 2409
926 7558 787
927 7575 1416
928 7796 1235
929 7738 484
930 7434 1135
931 7853 1386
932 7624 776
933 7810 1446
934 7496 1631
935 7657 797
936 7797 807
937 7647 1185
938 7550 1377
939 7489 1684
940 7529 931
941 7545 1584
942 7835 1193
943 7603 1383
944 7619 1177
945 16331 10516
946 7466 1465
947 7775 930
948 7655 305
949 7739 1548
950 14239 6546
951 7643 1463
952 7761 901
953 7733 1101
954 7575 829
955 7568 1311
956 7622 545
957 7665 1002
958 7557 819
959 7632 1694
960 7716 1003
961 7686 957
962 7547 835
963 7707 1633
964 11791 5337
965 7824 1253
966 7508 926
967 7684 1451
968 7663 740
969 7703 1469
970 14191 7157
971 7539 815
972 7639 794
973 7550 230
974 7680 1332
975 7609 553
976 8098 1353
977 7586 576
978 7882 572
979 7724 1845
980 7635 1161
981 7612 952
982 7603 1476
983 7518 947
984 7741 1483
985 21988 14232
986 7472 1426
987 7687 1262
988 7606 425
989 7711 1021
990 7682 1100
991 7518 395
992 7826 1050
993 7852 1277
994 7563 599
995 7459 1222
996 7816 1578
997 7666 1017
998 7658 1592
999 7688 1227
1000 7626 1424
1001 7578 1548
1002 7531 1084
1003 7578 1088