# 16
0 8849.0 3013.0 4427.0
2 8872.0 3047.0 4559.0
3 8887.0 3066.0 4671.0
4 8900.0 3080.0 4771.0
5 8911.0 3092.0 4856.0
6 8921.0 3101.0 4929.0
7 8930.0 3109.0 4998.0
8 8938.0 3117.0 5066.0
9 8946.0 3124.0 5139.0
10 8954.0 3130.0 5224.0
11 8961.0 3136.0 5327.0
12 8969.0 3141.0 5427.0
13 8976.0 3146.0 5490.0
14 8982.0 3151.0 5529.0
15 8989.0 3156.0 5557.0
16 8996.0 3160.0 5579.0
17 9002.0 3165.0 5598.0
18 9008.0 3169.0 5614.0
19 9015.0 3173.0 5628.0
20 9020.0 3177.0 5641.0
21 9026.0 3181.0 5652.0
22 9032.0 3184.0 5663.0
23 9038.0 3188.0 5673.0
24 9043.0 3192.0 5683.0
25 9049.0 3195.0 5692.0
26 9054.0 3198.0 5701.0
27 9060.0 3202.0 5709.0
28 9064.0 3205.0 5717.0
29 9069.0 3208.0 5725.0
30 9075.0 3212.0 5733.0
31 9079.0 3215.0 5740.0
32 9084.0 3218.0 5747.0
33 9089.0 3221.0 5754.0
34 9094.0 3224.0 5761.0
35 9099.0 3227.0 5768.0
36 9104.0 3230.0 5774.0
37 9108.0 3233.0 5781.0
38 9113.0 3236.0 5787.0
39 9118.0 3239.0 5794.0
40 9123.0 3242.0 5800.0
41 9127.0 3245.0 5806.0
42 9132.0 3248.0 5812.0
43 9137.0 3251.0 5818.0
44 9141.0 3254.0 5824.0
45 9146.0 3257.0 5830.0
46 9151.0 3261.0 5836.0
47 9156.0 3264.0 5841.0
48 9161.0 3267.0 5847.0
49 9166.0 3270.0 5853.0
50 9171.0 3273.0 5859.0
51 9176.0 3276.0 5865.0
52 9181.0 3279.0 5870.0
53 9186.0 3283.0 5876.0
54 9192.0 3286.0 5882.0
55 9197.0 3289.0 5888.0
56 9203.0 3293.0 5894.0
57 9208.0 3296.0 5900.0
58 9214.0 3300.0 5905.0
59 9220.0 3303.0 5911.0
60 9226.0 3307.0 5917.0
61 9233.0 3311.0 5923.0
62 9239.0 3315.0 5930.0
63 9246.0 3319.0 5936.0
64 9253.0 3323.0 5942.0
65 9261.0 3327.0 5948.0
66 9269.0 3332.0 5955.0
67 9277.0 3336.0 5961.0
68 9286.0 3341.0 5968.0
69 9296.0 3347.0 5975.0
70 9305.0 3352.0 5981.0
71 9316.0 3358.0 5989.0
72 9329.0 3365.0 5996.0
73 9342.0 3372.0 6003.0
74 9357.0 3380.0 6011.0
75 9376.0 3389.0 6019.0
76 9397.0 3400.0 6027.0
77 9424.0 3412.0 6036.0
78 9461.0 3429.0 6044.0
79 9516.0 3453.0 6054.0
80 9626.0 3504.0 6063.0
81 9931.0 3804.0 6074.0
82 10421.0 4270.0 6085.0
83 11001.0 4784.0 6097.0
84 11843.0 5298.0 6109.0
85 12945.0 5990.0 6123.0
86 14092.0 6847.0 6138.0
87 15276.0 7958.0 6156.0
88 16551.0 9092.0 6176.0
89 17678.0 10232.0 6199.0
90 18788.0 11357.0 6229.0
91 19879.0 12479.0 6270.0
92 20954.0 13581.0 6337.0
93 21987.0 14721.0 6525.0
94 22806.0 15870.0 7192.0
95 23906.0 16977.0 9026.0
96 24610.0 17956.0 10644.0
97 30813.0 19961.640000000596 14352.0
98 103305.0 87014.0 17737.0
99 167407.76000000164 153940.76000000164 20495.0
100 396217.0 302934.0 393095.0


# 8
0 7911.0 1574.0 5825.0
2 7932.0 1605.0 5968.0
3 7945.0 1624.0 6011.0
4 7956.0 1638.0 6037.0
5 7965.0 1649.0 6057.0
6 7973.0 1659.0 6073.0
7 7979.0 1667.0 6086.0
8 7985.0 1675.0 6098.0
9 7991.0 1682.0 6109.0
10 7997.0 1688.0 6119.0
11 8002.0 1694.0 6128.0
12 8007.0 1700.0 6136.0
13 8012.0 1705.0 6144.0
14 8017.0 1710.0 6151.0
15 8021.0 1715.0 6158.0
16 8025.0 1719.0 6165.0
17 8030.0 1724.0 6172.0
18 8034.0 1728.0 6178.0
19 8038.0 1732.0 6184.0
20 8042.0 1736.0 6190.0
21 8046.0 1740.0 6196.0
22 8050.0 1743.0 6202.0
23 8054.0 1747.0 6207.0
24 8058.0 1751.0 6212.0
25 8062.0 1754.0 6218.0
26 8065.0 1758.0 6223.0
27 8069.0 1761.0 6228.0
28 8073.0 1764.0 6233.0
29 8077.0 1767.0 6238.0
30 8081.0 1771.0 6243.0
31 8085.0 1774.0 6248.0
32 8089.0 1777.0 6253.0
33 8093.0 1780.0 6257.0
34 8097.0 1783.0 6262.0
35 8100.0 1786.0 6267.0
36 8104.0 1789.0 6272.0
37 8108.0 1792.0 6276.0
38 8112.0 1795.0 6281.0
39 8116.0 1798.0 6286.0
40 8120.0 1800.0 6290.0
41 8124.0 1803.0 6295.0
42 8128.0 1806.0 6299.0
43 8132.0 1809.0 6304.0
44 8136.0 1812.0 6309.0
45 8140.0 1815.0 6313.0
46 8144.0 1818.0 6318.0
47 8148.0 1820.0 6322.0
48 8152.0 1823.0 6327.0
49 8156.0 1826.0 6332.0
50 8160.0 1829.0 6336.0
51 8164.0 1832.0 6341.0
52 8169.0 1835.0 6346.0
53 8173.0 1838.0 6351.0
54 8177.0 1841.0 6356.0
55 8181.0 1844.0 6360.0
56 8186.0 1846.0 6365.0
57 8190.0 1849.0 6370.0
58 8195.0 1852.0 6375.0
59 8199.0 1856.0 6380.0
60 8204.0 1859.0 6386.0
61 8209.0 1862.0 6391.0
62 8214.0 1865.0 6396.0
63 8218.0 1868.0 6402.0
64 8223.0 1871.0 6407.0
65 8228.0 1875.0 6413.0
66 8234.0 1878.0 6418.0
67 8239.0 1882.0 6424.0
68 8245.0 1885.0 6430.0
69 8251.0 1889.0 6436.0
70 8257.0 1893.0 6442.0
71 8263.0 1897.0 6449.0
72 8269.0 1901.0 6455.0
73 8276.0 1905.0 6462.0
74 8283.0 1909.0 6469.0
75 8291.0 1913.0 6477.0
76 8299.0 1918.0 6484.0
77 8307.0 1923.0 6492.0
78 8316.0 1928.0 6500.0
79 8326.0 1933.0 6509.0
80 8336.0 1939.0 6518.0
81 8348.0 1945.0 6528.0
82 8361.0 1952.0 6538.0
83 8376.0 1959.0 6550.0
84 8393.0 1967.0 6562.0
85 8415.0 1976.0 6575.0
86 8443.0 1986.0 6589.0
87 8483.0 1999.0 6606.0
88 8558.0 2015.0 6625.0
89 8881.0 2040.0 6647.0
90 9604.0 2102.0 6676.0
91 10643.0 2844.0 6713.0
92 12439.0 3946.0 6769.0
93 14597.0 5686.0 6866.0
94 16802.0 7803.0 7007.0
95 18767.0 9936.0 7179.0
96 20751.0 12054.0 7654.0
97 22273.0 14157.0 8151.0
98 23877.0 16102.0 13064.0
99 103649.41999999806 85583.41999999806 19474.0
100 395941.0 308541.0 394136.0


# 4
0 7375.0 249.0 5795.0
2 7393.0 311.0 5881.0
3 7406.0 354.0 5938.0
4 7416.0 388.0 5982.0
5 7424.0 417.0 6019.0
6 7431.0 443.0 6052.0
7 7438.0 465.0 6080.0
8 7444.0 486.0 6106.0
9 7450.0 506.0 6130.0
10 7455.0 524.0 6152.0
11 7460.0 542.0 6172.0
12 7465.0 558.0 6191.0
13 7469.0 574.0 6210.0
14 7474.0 589.0 6227.0
15 7478.0 604.0 6244.0
16 7482.0 618.0 6260.0
17 7486.0 632.0 6275.0
18 7490.0 646.0 6290.0
19 7494.0 659.0 6305.0
20 7498.0 672.0 6319.0
21 7502.0 685.0 6332.0
22 7505.0 697.0 6346.0
23 7509.0 709.0 6359.0
24 7513.0 721.0 6371.0
25 7517.0 733.0 6384.0
26 7520.0 744.0 6396.0
27 7524.0 755.0 6408.0
28 7527.0 767.0 6420.0
29 7531.0 778.0 6432.0
30 7534.0 789.0 6443.0
31 7538.0 800.0 6455.0
32 7541.0 810.0 6466.0
33 7544.0 821.0 6477.0
34 7548.0 831.0 6488.0
35 7552.0 842.0 6499.0
36 7555.0 852.0 6510.0
37 7559.0 862.0 6521.0
38 7562.0 873.0 6532.0
39 7566.0 883.0 6542.0
40 7569.0 893.0 6553.0
41 7573.0 903.0 6563.0
42 7576.0 913.0 6574.0
43 7579.0 923.0 6584.0
44 7583.0 933.0 6595.0
45 7587.0 943.0 6605.0
46 7590.0 953.0 6615.0
47 7594.0 963.0 6626.0
48 7598.0 973.0 6636.0
49 7601.0 983.0 6646.0
50 7605.0 993.0 6657.0
51 7609.0 1003.0 6667.0
52 7613.0 1013.0 6677.0
53 7616.0 1023.0 6688.0
54 7620.0 1033.0 6698.0
55 7623.0 1043.0 6708.0
56 7627.0 1053.0 6719.0
57 7631.0 1063.0 6729.0
58 7635.0 1073.0 6740.0
59 7639.0 1084.0 6751.0
60 7643.0 1094.0 6761.0
61 7648.0 1104.0 6772.0
62 7652.0 1115.0 6783.0
63 7656.0 1126.0 6794.0
64 7660.0 1136.0 6805.0
65 7664.0 1147.0 6816.0
66 7669.0 1158.0 6827.0
67 7673.0 1169.0 6839.0
68 7678.0 1180.0 6850.0
69 7683.0 1192.0 6862.0
70 7688.0 1203.0 6874.0
71 7693.0 1215.0 6886.0
72 7698.0 1227.0 6898.0
73 7704.0 1239.0 6910.0
74 7710.0 1252.0 6923.0
75 7716.0 1265.0 6936.0
76 7723.0 1278.0 6949.0
77 7729.0 1291.0 6962.0
78 7736.0 1305.0 6976.0
79 7743.0 1320.0 6990.0
80 7752.0 1335.0 7005.0
81 7760.0 1350.0 7020.0
82 7769.0 1366.0 7035.0
83 7779.0 1383.0 7051.0
84 7790.0 1402.0 7068.0
85 7802.0 1421.0 7086.0
86 7815.0 1441.0 7104.0
87 7830.0 1464.0 7124.0
88 7847.0 1488.0 7145.0
89 7868.0 1514.0 7167.0
90 7895.0 1544.0 7191.0
91 7933.0 1578.0 7218.0
92 7996.0 1618.0 7248.0
93 8145.0 1666.0 7283.0
94 8606.0 1733.0 7324.0
95 9795.0 1872.0 7377.0
96 12909.0 3534.0 7453.0
97 16987.0 7357.0 7598.0
98 20751.0 11635.0 8073.0
99 23519.0 15616.0 15217.0
100 412986.0 294375.0 412363.0


# 2
0 7128.0 7.0 6827.0
2 7148.0 15.0 6872.0
3 7162.0 22.0 6898.0
4 7173.0 29.0 6918.0
5 7181.0 35.0 6934.0
6 7188.0 42.0 6947.0
7 7195.0 48.0 6959.0
8 7202.0 54.0 6969.0
9 7207.0 59.0 6978.0
10 7213.0 65.0 6987.0
11 7217.0 70.0 6994.0
12 7222.0 75.0 7002.0
13 7227.0 79.0 7009.0
14 7231.0 84.0 7015.0
15 7235.0 88.0 7021.0
16 7240.0 93.0 7027.0
17 7244.0 97.0 7032.0
18 7247.0 101.0 7038.0
19 7251.0 104.0 7043.0
20 7255.0 108.0 7048.0
21 7258.0 112.0 7053.0
22 7262.0 115.0 7057.0
23 7265.0 119.0 7062.0
24 7269.0 122.0 7066.0
25 7272.0 125.0 7070.0
26 7275.0 128.0 7074.0
27 7278.0 132.0 7079.0
28 7282.0 135.0 7082.0
29 7285.0 138.0 7086.0
30 7288.0 141.0 7090.0
31 7291.0 143.0 7094.0
32 7294.0 146.0 7098.0
33 7297.0 149.0 7101.0
34 7300.0 152.0 7105.0
35 7303.0 155.0 7108.0
36 7306.0 157.0 7112.0
37 7309.0 160.0 7115.0
38 7312.0 163.0 7119.0
39 7315.0 165.0 7122.0
40 7317.0 168.0 7125.0
41 7320.0 170.0 7129.0
42 7323.0 173.0 7132.0
43 7326.0 175.0 7135.0
44 7329.0 178.0 7139.0
45 7332.0 180.0 7142.0
46 7335.0 183.0 7145.0
47 7337.0 185.0 7148.0
48 7340.0 188.0 7152.0
49 7343.0 190.0 7155.0
50 7346.0 193.0 7158.0
51 7349.0 195.0 7161.0
52 7351.0 198.0 7165.0
53 7354.0 200.0 7168.0
54 7357.0 203.0 7171.0
55 7360.0 205.0 7174.0
56 7363.0 208.0 7178.0
57 7366.0 210.0 7181.0
58 7369.0 213.0 7184.0
59 7372.0 215.0 7187.0
60 7375.0 218.0 7191.0
61 7378.0 221.0 7194.0
62 7381.0 223.0 7198.0
63 7385.0 226.0 7201.0
64 7388.0 228.0 7204.0
65 7391.0 231.0 7208.0
66 7394.0 234.0 7212.0
67 7398.0 237.0 7215.0
68 7401.0 239.0 7219.0
69 7405.0 242.0 7223.0
70 7408.0 245.0 7226.0
71 7412.0 248.0 7230.0
72 7415.0 251.0 7234.0
73 7419.0 254.0 7238.0
74 7423.0 257.0 7242.0
75 7427.0 261.0 7247.0
76 7431.0 264.0 7251.0
77 7435.0 267.0 7256.0
78 7440.0 271.0 7260.0
79 7444.0 274.0 7265.0
80 7449.0 278.0 7270.0
81 7454.0 282.0 7275.0
82 7459.0 286.0 7281.0
83 7465.0 290.0 7286.0
84 7471.0 294.0 7292.0
85 7477.0 299.0 7299.0
86 7484.0 304.0 7305.0
87 7491.0 309.0 7312.0
88 7499.0 314.0 7320.0
89 7509.0 320.0 7328.0
90 7519.0 327.0 7338.0
91 7531.0 334.0 7348.0
92 7544.0 342.0 7359.0
93 7562.0 351.0 7372.0
94 7584.0 362.0 7387.0
95 7618.0 375.0 7406.0
96 7685.0 395.0 7430.0
97 8746.0 437.0 7464.0
98 14661.0 2847.0 7527.0
99 21110.730000000447 10931.0 9737.0
100 395682.0 300844.0 395411.0